bio1.asc
ncols         536
nrows         773
xllcorner     -3.262084961
yllcorner     4.7407226560001
cellsize      0.0083253775074627
NODATA_value  -9999
[rows 390 to 419 of 773, columns 201 to 267 of 536]
26.55417 26.52083 26.6625 26.825 26.90417 26.85833 26.79583 26.75 26.76667 26.875 26.9875 26.975 26.94583 26.95 26.90833 26.9125 26.95 26.95 26.975 27.0125 27.05 27.0125 27.01667 27.075 27.10417 27.13333 27.15417 27.18333 27.2 27.22917 27.27083 27.29167 27.35 27.35833 27.375 27.3875 27.4125 27.4375 27.45 27.45417 27.47083 27.45 27.425 27.41667 27.4 27.40833 27.44583 27.45417 27.44167 27.45 27.4875 27.4625 27.5125 27.52083 27.54583 27.49583 27.46667 27.4875 27.5 27.49583 27.45 27.35417 27.34167 27.325 27.2875 27.27917 27.3
26.75833 26.74583 26.67917 26.74583 26.90417 26.95833 26.90833 26.87083 26.87917 26.94167 26.97917 26.99583 26.99167 26.97917 26.95 26.95417 27.00417 27.00417 26.99167 26.98333 27.10833 27.10833 27.07083 27.09583 27.13333 27.14167 27.1625 27.19167 27.2125 27.225 27.225 27.2625 27.3125 27.35417 27.37917 27.35833 27.375 27.37917 27.39583 27.425 27.4375 27.475 27.48333 27.46667 27.42917 27.4 27.40417 27.44167 27.46667 27.49167 27.53333 27.52917 27.54167 27.55833 27.55833 27.5375 27.4875 27.49583 27.49167 27.49167 27.42917 27.32917 27.30417 27.26667 27.2625 27.30417 27.33333
26.83333 26.8875 26.8 26.88333 26.95 26.99167 26.9625 26.93333 26.96667 26.99167 26.99167 27 27.00833 27.00417 26.975 26.975 27.05 27.04583 27.0375 27.00833 27.1 27.175 27.12917 27.125 27.13333 27.14583 27.17083 27.1875 27.2125 27.24583 27.2625 27.27917 27.29167 27.30417 27.29167 27.29167 27.325 27.30417 27.325 27.3375 27.3625 27.4125 27.47917 27.5 27.49583 27.45833 27.475 27.47083 27.47083 27.5 27.525 27.52917 27.54583 27.54583 27.50833 27.50417 27.5 27.49583 27.48333 27.47083 27.4375 27.3375 27.25417 27.25833 27.2875 27.30417 27.35
26.90417 26.92917 26.94583 26.97083 27.00417 27.00833 27.0125 26.99167 26.99167 27.0125 26.99583 27.00417 27.0125 27.06667 27.01667 26.99167 27.06667 27.08333 27.075 27.04583 27.09167 27.18333 27.19167 27.1375 27.14167 27.15417 27.16667 27.16667 27.17917 27.22083 27.225 27.225 27.20833 27.20833 27.2375 27.24583 27.25417 27.26667 27.3 27.3375 27.35417 27.36667 27.40417 27.425 27.45417 27.4875 27.48333 27.49167 27.5 27.49167 27.49167 27.49167 27.49167 27.49583 27.4875 27.49167 27.4875 27.47917 27.45417 27.4125 27.37083 27.37917 27.29167 27.27083 27.30833 27.325 27.35417
27 27 27.00417 27 27.00833 27.0125 27.025 27 27.01667 27.02083 27.00417 27.00417 27.01667 27.06667 27.06667 27.07917 27.12083 27.12083 27.0875 27.09167 27.12083 27.16667 27.20833 27.1875 27.1625 27.14583 27.14167 27.15 27.1625 27.15833 27.15833 27.13333 27.125 27.14167 27.15417 27.19583 27.2 27.2375 27.27917 27.3375 27.36667 27.37083 27.39167 27.4 27.39583 27.41667 27.42083 27.42917 27.45 27.475 27.47083 27.44167 27.42917 27.4625 27.4375 27.4125 27.45833 27.46667 27.3875 27.33333 27.32917 27.29583 27.2625 27.22917 27.28333 27.32083 27.30417
26.9875 26.99167 27.00833 27.02083 27.00417 27.00417 27.01667 27.025 27.01667 27.0375 27.025 27.00417 27.02917 27.0625 27.07083 27.1125 27.12917 27.14583 27.12083 27.11667 27.19167 27.15417 27.20833 27.22083 27.17917 27.15417 27.1375 27.14167 27.12083 27.10833 27.10417 27.05 27.04583 27.04583 27.07917 27.11667 27.15 27.19583 27.25 27.29167 27.35417 27.38333 27.40833 27.36667 27.35417 27.4125 27.43333 27.44583 27.45833 27.45833 27.45833 27.37917 27.39583 27.41667 27.37917 27.32917 27.4125 27.3875 27.37917 27.3375 27.25833 27.22917 27.22083 27.22917 27.25417 27.27083 27.28333
26.97083 26.95 26.9625 26.99167 27.0125 27.01667 27.025 27.0375 27.04583 27.05 27.04167 27.04583 27.05417 27.0625 27.0625 27.07917 27.14167 27.17083 27.17083 27.19583 27.21667 27.1625 27.19167 27.23333 27.225 27.15417 27.11667 27.075 27.05833 27.04583 27.05 26.98333 26.92917 26.92917 26.99167 27.0625 27.10417 27.175 27.22083 27.25417 27.31667 27.36667 27.425 27.425 27.40417 27.3875 27.45 27.45833 27.45 27.44583 27.42917 27.34583 27.37917 27.39167 27.36667 27.31667 27.3875 27.35 27.3375 27.33333 27.3 27.22083 27.21667 27.22083 27.24167 27.28333 27.30417
26.90417 26.9375 26.94167 26.90417 26.92083 26.99167 27 27.04167 27.05833 27.05417 27.07917 27.075 27.08333 27.0625 27.06667 27.07917 27.10833 27.175 27.19167 27.22083 27.2375 27.24167 27.2125 27.2375 27.24583 27.15833 27.12083 27.075 27.05833 26.99167 27 26.92917 26.8375 26.89167 26.91667 26.975 27.075 27.125 27.19167 27.2375 27.3125 27.35417 27.3875 27.425 27.42917 27.44167 27.4375 27.4375 27.42917 27.40417 27.32083 27.32083 27.325 27.3375 27.34167 27.30833 27.3375 27.325 27.29167 27.25833 27.25417 27.2 27.22917 27.26667 27.27083 27.29583 27.35
26.89167 26.82917 26.81667 26.81667 26.9 26.90833 26.9375 26.97083 27.025 27.07083 27.0875 27.10417 27.10417 27.0875 27.07917 27.08333 27.1 27.15 27.17917 27.21667 27.2375 27.25833 27.26667 27.26667 27.2625 27.2 27.13333 27.1625 27.12083 26.9625 26.90417 26.89167 26.80833 26.6125 26.69167 26.91667 27.04167 27.10833 27.17917 27.26667 27.325 27.375 27.3875 27.39583 27.3875 27.37917 27.40417 27.4125 27.39583 27.32083 27.28333 27.30833 27.32083 27.31667 27.32083 27.26667 27.3 27.3 27.23333 27.1625 27.17083 27.19167 27.22917 27.26667 27.29583 27.32917 27.33333
26.7625 26.72083 26.74583 26.80833 26.8375 26.925 26.975 27.02083 27.05 27.0625 27.1 27.13333 27.1375 27.12917 27.09167 27.1 27.12917 27.15417 27.15833 27.17917 27.20833 27.25833 27.26667 27.2625 27.275 27.23333 27.16667 27.20833 27.11667 26.74167 26.625 26.76667 26.75 26.55 26.55833 26.7875 26.99167 27.07917 27.16667 27.2875 27.30417 27.37083 27.39583 27.39167 27.37917 27.39167 27.39167 27.40417 27.37917 27.3375 27.34167 27.33333 27.325 27.24583 27.23333 27.25 27.23333 27.275 27.22083 27.1375 27.1375 27.17917 27.21667 27.2625 27.3 27.27083 27.25417
26.7 26.77083 26.82083 26.87917 26.92083 26.91667 26.97083 27.03333 27.06667 27.09167 27.0625 27.07917 27.15 27.1625 27.10833 27.1125 27.1625 27.19167 27.175 27.18333 27.18333 27.20833 27.225 27.24583 27.26667 27.29167 27.25833 27.23333 27.1375 26.92083 26.62917 26.54583 26.56667 26.55 26.60833 26.74583 26.875 27.03333 27.14583 27.22083 27.1875 27.32083 27.4 27.4 27.40417 27.39167 27.38333 27.37083 27.375 27.37083 27.3875 27.4 27.37917 27.325 27.2375 27.2125 27.20833 27.20417 27.15417 27.12083 27.125 27.175 27.2125 27.25833 27.2375 27.20833 27.21667
26.7125 26.7625 26.7875 26.75833 26.77917 26.85833 26.94167 26.99167 27.05417 27.10417 27.11667 27.07917 27.12917 27.15833 27.15417 27.10417 27.15 27.20833 27.24167 27.23333 27.20833 27.24583 27.22083 27.18333 27.225 27.27083 27.27917 27.22083 27.125 26.95833 26.73333 26.54167 26.50417 26.60833 26.725 26.77083 26.94167 27.06667 27.1125 27.11667 27.1875 27.3375 27.34167 27.32917 27.34583 27.34167 27.35 27.34583 27.3625 27.34583 27.36667 27.3625 27.39167 27.37917 27.3 27.25417 27.23333 27.1625 27.12083 27.14167 27.16667 27.2 27.20833 27.1875 27.18333 27.2125 27.26667
26.625 26.64583 26.65417 26.73333 26.77917 26.825 26.8125 26.87917 27.00833 27.07083 27.12917 27.13333 27.125 27.15833 27.13333 27.1 27.15 27.19167 27.24167 27.25833 27.26667 27.275 27.25833 27.1875 27.175 27.23333 27.275 27.22917 27.17917 27.10417 26.87083 26.59167 26.55833 26.66667 26.75833 26.9125 27.0625 27.125 27.12083 27.1875 27.24583 27.33333 27.25 27.18333 27.24167 27.30833 27.28333 27.28333 27.27917 27.28333 27.30417 27.3 27.34583 27.3625 27.35833 27.325 27.25 27.15417 27.1125 27.14167 27.15417 27.14167 27.13333 27.15417 27.19583 27.275 27.28333
26.69583 26.6875 26.725 26.80833 26.85 26.8875 26.91667 26.92917 26.975 27.05417 27.125 27.13333 27.13333 27.14167 27.125 27.16667 27.17083 27.1875 27.22083 27.2375 27.25417 27.28333 27.27083 27.2625 27.2375 27.26667 27.26667 27.23333 27.18333 27.15417 27.08333 26.91667 26.75417 26.6875 26.8 26.95417 27.12083 27.15417 27.1 27.1375 27.23333 27.32917 27.31667 27.25 27.2625 27.27917 27.22083 27.20417 27.19167 27.19167 27.23333 27.19167 27.26667 27.34583 27.35833 27.275 27.23333 27.15833 27.09583 27.07917 27.08333 27.10417 27.14583 27.19583 27.225 27.225 27.19583
26.67083 26.72917 26.75833 26.77083 26.85 26.925 26.97083 27 27.04167 27.075 27.125 27.12917 27.12917 27.12917 27.12917 27.13333 27.15417 27.17917 27.20833 27.22083 27.26667 27.27083 27.275 27.27083 27.27083 27.2625 27.26667 27.24167 27.20833 27.17083 27.17917 27.12917 27.12917 27.0625 27.10417 27.06667 27.11667 27.175 27.20417 27.20417 27.25 27.3 27.29167 27.225 27.23333 27.24167 27.2125 27.1625 27.14583 27.12917 27.15417 27.22083 27.25833 27.32083 27.35 27.25833 27.225 27.175 27.1375 27.05833 27.07083 27.10417 27.175 27.18333 27.15 27.15 27.15833
26.59583 26.66667 26.72917 26.77917 26.87083 26.89583 26.9625 27.0125 27.0375 27.06667 27.09583 27.1125 27.11667 27.11667 27.11667 27.11667 27.13333 27.17917 27.18333 27.1625 27.14167 27.18333 27.19583 27.24583 27.25 27.25 27.24167 27.2625 27.25 27.20417 27.22083 27.20833 27.2125 27.1625 27.17917 27.15833 27.15417 27.20417 27.2625 27.2875 27.29583 27.2875 27.2125 27.12917 27.175 27.175 27.16667 27.13333 27.1375 27.14167 27.12917 27.15833 27.25417 27.30833 27.30417 27.2625 27.23333 27.225 27.1375 27.07917 27.1 27.15 27.15417 27.10833 27.10417 27.14167 27.20417
26.6625 26.7125 26.75417 26.81667 26.8625 26.92917 26.94583 26.99583 27.0375 27.05833 27.10417 27.11667 27.10417 27.1125 27.12083 27.11667 27.14167 27.125 27.09167 27.08333 27.10417 27.15833 27.2125 27.24583 27.24167 27.16667 27.175 27.18333 27.25 27.25417 27.225 27.22917 27.22083 27.225 27.23333 27.24167 27.25 27.27083 27.26667 27.20833 27.2 27.225 27.1 27.025 27.09583 27.05833 27.07083 27.09583 27.15 27.20833 27.2125 27.21667 27.2875 27.29583 27.25417 27.17917 27.1375 27.1625 27.10417 27.05833 27.10417 27.1125 27.075 27.07917 27.08333 27.14583 27.19167
26.6375 26.7 26.7625 26.80417 26.8625 26.89583 26.925 26.975 26.99583 27.05 27.05417 27.05417 27.07083 27.07083 27.09583 27.10833 27.12083 27.10417 27.07083 27.1 27.14583 27.20417 27.2375 27.24167 27.2 27.14583 27.17917 27.19583 27.2375 27.22083 27.13333 27.125 27.19167 27.20417 27.175 27.23333 27.22083 27.2375 27.19583 27.08333 27.075 27.17917 27.10417 26.96667 26.99583 27.00417 27.04583 27.125 27.15417 27.18333 27.21667 27.24167 27.29167 27.26667 27.22083 27.19583 27.13333 27.0875 27.02083 27.05417 27.07917 27.04583 27.05 27.07917 27.14167 27.14583 27.15833
26.54167 26.63333 26.65417 26.7125 26.79583 26.84583 26.9 26.97083 26.99167 27 27 27.00417 27.0375 27.06667 27.1 27.09583 27.06667 27.05417 27.1125 27.15833 27.1875 27.21667 27.20833 27.20417 27.19167 27.2 27.22083 27.21667 27.17083 27.13333 26.9625 26.96667 27.11667 27.10833 27.12083 27.20833 27.0875 27.14583 27.14583 27.0625 27 27.11667 27.03333 26.97083 27 27.0125 27.10833 27.17083 27.2125 27.2125 27.225 27.23333 27.24167 27.2625 27.21667 27.15 27.08333 27.0125 27.0125 27.01667 27.02917 27.02917 27.0625 27.06667 27.1 27.1625 27.2125
26.43333 26.5125 26.56667 26.6625 26.72917 26.84167 26.90833 26.9125 26.95 26.97917 26.97917 27.00833 27.05 27.07917 27.06667 27.02083 27.025 27.0875 27.12917 27.15833 27.1875 27.20833 27.2 27.18333 27.19167 27.2 27.17083 27.07917 27.09167 27.05 26.92083 26.89167 27.02917 27.03333 27.15417 27.19583 27.12083 27.07083 27.1375 27.0125 26.95833 27.00417 27 27.00833 27.05833 27.10417 27.11667 27.18333 27.16667 27.15 27.2125 27.15833 27.17083 27.25833 27.21667 27.16667 27.1 27.04167 27.00833 27.03333 27.0375 27.04167 27.04167 27.10833 27.1125 27.12917 27.175
26.3875 26.475 26.61667 26.725 26.79583 26.85 26.85833 26.84167 26.89583 26.9625 27.00833 27.04167 27.05833 27.0625 27.02917 26.99167 27.00833 27.08333 27.12083 27.1375 27.1625 27.17083 27.175 27.18333 27.19583 27.1875 27.08333 26.96667 26.99583 26.99583 26.9 26.84167 26.96667 27.05833 27.075 27.14583 27.15833 27.025 27.0875 27.05417 26.99583 27 27.01667 27.07083 27.08333 27.11667 27.16667 27.15833 27.09167 27.175 27.17083 27.14583 27.21667 27.2375 27.22917 27.175 27.15417 27.10417 27.02917 27.04583 27.07083 27.0875 27.05417 27.0625 27.125 27.17083 27.22083
26.44583 26.55 26.6125 26.63333 26.71667 26.79583 26.75833 26.81667 26.87917 26.91667 26.9625 26.99167 27.00417 27.02083 27.02083 26.97083 27 27.08333 27.1 27.10417 27.09583 27.11667 27.1625 27.18333 27.15833 27.15833 27.0625 26.96667 26.9125 26.95 26.875 26.80417 26.95833 27.05 27.06667 27.1375 27.16667 27.09583 27.04167 26.99167 26.96667 27.02083 27.05 27.0875 27.10833 27.10417 27.09583 27.09167 27.1 27.1875 27.11667 27.14167 27.175 27.19167 27.2125 27.1875 27.15 27.0875 27.04583 27.04583 27.05 27.0875 27.11667 27.10833 27.13333 27.175 27.18333
26.4 26.40833 26.45833 26.52083 26.64167 26.66667 26.67917 26.73333 26.81667 26.82917 26.875 26.95417 26.9625 26.97083 26.975 26.97083 27.02083 27.06667 27.07083 27.06667 27.08333 27.1 27.15417 27.1375 27.12083 27.12083 27.05417 26.97917 26.9375 26.85417 26.79167 26.80833 26.96667 27.0625 27.09583 27.125 27.1375 27.11667 27.025 26.94583 26.95 26.96667 26.9875 27.02917 27.04167 27.04167 27.04167 27.0625 27.13333 27.14583 27.04583 27.08333 27.1125 27.15 27.2 27.18333 27.15833 27.1 27.0375 27.02917 27.03333 27.05417 27.10417 27.15417 27.1625 27.125 27.18333
26.2875 26.3375 26.4 26.5 26.54583 26.5875 26.62917 26.70833 26.77083 26.77917 26.85417 26.92917 26.95417 26.9625 26.97083 26.9875 27.02083 27.05417 27.04583 27.02917 27.05417 27.08333 27.125 27.075 27.07083 27.09583 27.0625 27.01667 26.95 26.87917 26.75833 26.80417 26.91667 27.00833 27.0375 27.09167 27.11667 27.0875 27.025 26.9625 26.94583 26.95 26.97083 26.99583 27.02083 27.03333 27.0625 27.10417 27.125 27.09167 27.02083 27.00833 27.05 27.14167 27.20417 27.18333 27.1375 27.05 27.025 27.025 27.05 27.10417 27.1125 27.10833 27.0875 27.1375 27.16667
26.28333 26.34583 26.4125 26.46667 26.475 26.54583 26.59583 26.63333 26.71667 26.77083 26.84167 26.90833 26.925 26.95833 26.97083 26.99167 27.01667 27.01667 26.99583 27.00833 27.02083 27.05 27.06667 27.05417 27.025 27.05 27.02083 26.95833 26.94167 26.86667 26.775 26.70833 26.7375 26.87917 26.95417 27.02917 27.07083 27.0625 27.01667 26.975 26.94583 26.95 26.97083 27.0125 27.04583 27.06667 27.09583 27.10417 27.05833 27.00417 26.975 27.00417 27.0875 27.12083 27.175 27.19167 27.12917 27.02917 27.02083 27.0375 27.0875 27.1 27.04167 27.03333 27.09167 27.14167 27.075
26.27917 26.33333 26.39167 26.4375 26.525 26.57083 26.6 26.69583 26.78333 26.80833 26.8625 26.86667 26.90417 26.92917 26.9625 27 27 26.975 26.97083 26.9875 26.99167 27 27.05417 27.00833 26.97083 26.99583 26.98333 26.9375 26.90833 26.875 26.825 26.7375 26.69167 26.79583 26.93333 27.02917 27.04583 27.025 26.99167 26.94167 26.93333 26.94167 26.95833 26.99167 27.00417 27.02917 27.02917 27.02083 27.00833 26.98333 26.97083 27 27.05417 27.09167 27.14583 27.17083 27.13333 27.03333 27.02083 27.03333 27.09167 27.02917 27.00417 27.00833 27.0625 27.10833 27.075
26.22917 26.3 26.3875 26.5625 26.64583 26.6875 26.7125 26.7125 26.725 26.75833 26.77917 26.83333 26.8625 26.92917 26.97083 26.975 26.9375 26.95 26.94583 26.94583 26.95833 27.00417 27.00833 26.975 26.95417 26.95833 26.9625 26.93333 26.90417 26.87917 26.85 26.83333 26.82917 26.88333 26.96667 27.02917 26.99167 26.96667 26.95417 26.94167 26.93333 26.93333 26.9375 26.95 26.98333 26.98333 26.98333 26.9875 27.00417 27.025 27.00833 27.025 27.07083 27.10417 27.15417 27.15833 27.11667 27.02083 27.02083 27.04583 27.02083 26.99583 26.98333 26.99167 27.05417 27.08333 27.05833
26.24167 26.32083 26.49583 26.55833 26.4625 26.525 26.53333 26.55833 26.625 26.7375 26.77917 26.8 26.85417 26.90417 26.9375 26.9125 26.92083 26.90833 26.925 26.94167 26.95833 26.975 26.97083 26.92917 26.9125 26.90417 26.925 26.92083 26.9 26.87083 26.86667 26.88333 26.9 26.925 26.95417 26.95417 26.94167 26.9375 26.93333 26.93333 26.92083 26.92917 26.9375 26.95833 26.975 26.96667 26.97083 27.00417 27.00833 27.05 27.1 27.10417 27.14167 27.14583 27.14583 27.12917 27.1 27.00833 27.02917 27.025 26.9875 26.975 26.975 26.9875 27.06667 27.075 27.05
26.29583 26.4375 26.47083 26.36667 26.37083 26.4125 26.47917 26.57917 26.64167 26.7 26.70417 26.75 26.81667 26.87083 26.89583 26.89167 26.89583 26.89583 26.90417 26.9125 26.92917 26.93333 26.92083 26.90417 26.89583 26.875 26.89167 26.87917 26.87917 26.85833 26.85417 26.85 26.87917 26.8875 26.90417 26.90833 26.90833 26.92917 26.925 26.925 26.93333 26.94167 26.95833 26.97917 26.97083 26.96667 26.9625 27.01667 27.075 27.05417 27.10833 27.15 27.1625 27.14583 27.1375 27.10833 27.0625 27.01667 27.0125 26.98333 26.9625 26.95833 26.97083 27.03333 27.07083 27.0375 27.01667
26.39583 26.3625 26.29583 26.30833 26.38333 26.40833 26.42917 26.49583 26.55833 26.61667 26.66667 26.72917 26.7875 26.84583 26.8625 26.86667 26.875 26.87917 26.8875 26.9 26.89583 26.90417 26.89583 26.8875 26.88333 26.86667 26.875 26.875 26.87083 26.89167 26.88333 26.86667 26.84583 26.87083 26.88333 26.89167 26.91667 26.925 26.93333 26.93333 26.94583 26.97917 26.975 26.97083 27.00417 27.01667 27 27.00417 27.05833 27.10833 27.1375 27.16667 27.15833 27.12917 27.09583 27.04167 26.99167 27.00417 26.9625 26.95417 26.9375 26.95 26.98333 27.05417 27.05 26.99167 26.9875
