bio12.asc
ncols         536
nrows         773
xllcorner     -3.262084961
yllcorner     4.7407226560001
cellsize      0.0083253775074627
NODATA_value  -9999
[rows 592 to 628 of 773, columns 246 to 327 of 536]
1432 1436 1435 1434 1434 1444 1448 1453 1451 1455 1453 1455 1464 1464 1467 1470 1474 1480 1484 1491 1495 1501 1507 1504 1500 1505 1510 1516 1519 1520 1523 1530 1536 1539 1543 1546 1545 1554 1552 1547 1550 1550 1548 1553 1552 1548 1547 1550 1549 1546 1541 1542 1540 1540 1540 1544 1542 1543 1546 1552 1549 1553 1551 1552 1555 1557 1557 1559 1560 1564 1569 1576 1580 1583 1605 1611 1623 1617 1613 1606 1582 1566
1426 1432 1434 1439 1439 1441 1447 1452 1458 1457 1458 1459 1470 1464 1467 1475 1479 1484 1487 1490 1496 1509 1513 1513 1511 1512 1515 1517 1525 1528 1532 1538 1541 1546 1550 1556 1554 1547 1553 1554 1546 1550 1549 1548 1545 1545 1554 1548 1554 1549 1541 1543 1544 1546 1546 1553 1554 1543 1551 1551 1554 1551 1551 1553 1557 1561 1556 1559 1558 1568 1582 1588 1586 1598 1610 1613 1622 1612 1603 1601 1585 1566
1429 1432 1433 1442 1444 1446 1448 1457 1460 1460 1459 1461 1464 1469 1475 1481 1485 1490 1494 1495 1500 1508 1515 1518 1520 1523 1519 1526 1524 1527 1535 1545 1551 1556 1554 1556 1558 1557 1551 1553 1549 1552 1552 1549 1546 1548 1552 1554 1554 1548 1552 1544 1546 1551 1557 1553 1551 1548 1549 1553 1553 1557 1555 1561 1562 1559 1561 1570 1565 1570 1579 1586 1596 1603 1615 1621 1625 1609 1596 1595 1578 1565
1434 1435 1437 1449 1445 1451 1452 1460 1467 1466 1463 1464 1469 1474 1480 1482 1488 1493 1493 1498 1504 1512 1519 1524 1526 1526 1526 1529 1534 1534 1542 1551 1559 1560 1558 1557 1561 1562 1556 1553 1554 1550 1557 1559 1559 1560 1561 1553 1552 1548 1553 1547 1550 1557 1553 1551 1552 1552 1551 1551 1553 1558 1555 1555 1559 1564 1564 1569 1568 1570 1577 1584 1598 1616 1618 1628 1629 1611 1591 1584 1572 1561
1437 1436 1437 1443 1447 1449 1454 1460 1466 1466 1469 1468 1474 1477 1484 1490 1492 1497 1500 1503 1507 1513 1518 1520 1527 1534 1536 1533 1538 1541 1542 1546 1556 1554 1559 1558 1559 1562 1560 1557 1559 1558 1559 1562 1566 1568 1568 1559 1560 1560 1558 1561 1561 1555 1551 1553 1554 1556 1560 1559 1556 1560 1567 1562 1569 1568 1568 1565 1570 1571 1577 1590 1611 1617 1618 1616 1621 1604 1585 1574 1567 1560
1439 1439 1439 1442 1444 1450 1453 1460 1466 1467 1470 1474 1482 1479 1483 1493 1499 1502 1499 1503 1511 1517 1516 1518 1527 1535 1543 1542 1543 1545 1546 1553 1555 1556 1559 1558 1561 1560 1558 1562 1564 1566 1562 1564 1566 1566 1563 1562 1561 1557 1559 1556 1559 1558 1557 1556 1562 1560 1558 1565 1566 1558 1563 1565 1565 1566 1567 1569 1570 1573 1576 1588 1608 1614 1615 1615 1623 1611 1588 1578 1561 1555
1444 1442 1444 1446 1454 1456 1460 1461 1464 1466 1473 1484 1484 1491 1486 1488 1495 1498 1503 1509 1516 1518 1523 1530 1535 1536 1544 1548 1548 1552 1555 1558 1563 1558 1558 1555 1556 1557 1563 1565 1565 1564 1565 1567 1568 1570 1570 1569 1565 1564 1558 1558 1558 1559 1561 1563 1567 1565 1565 1565 1572 1566 1571 1568 1567 1568 1570 1572 1574 1574 1580 1585 1595 1613 1612 1611 1616 1597 1581 1574 1563 1556
1452 1449 1445 1448 1453 1461 1466 1465 1475 1480 1483 1489 1490 1493 1495 1493 1500 1504 1508 1511 1518 1522 1525 1529 1534 1536 1542 1542 1547 1553 1558 1556 1560 1565 1561 1561 1563 1565 1564 1563 1565 1569 1565 1571 1568 1574 1574 1569 1568 1570 1565 1562 1564 1564 1566 1562 1563 1566 1562 1569 1571 1571 1572 1570 1571 1573 1571 1572 1576 1578 1583 1585 1602 1611 1607 1605 1592 1582 1574 1572 1564 1556
1452 1455 1453 1454 1454 1461 1468 1473 1481 1485 1488 1487 1496 1497 1499 1500 1504 1506 1512 1515 1524 1527 1532 1529 1532 1538 1541 1543 1547 1554 1560 1558 1554 1562 1566 1562 1564 1561 1569 1571 1569 1567 1573 1570 1570 1577 1571 1579 1570 1566 1564 1561 1564 1569 1570 1565 1567 1568 1564 1569 1570 1575 1582 1577 1573 1576 1575 1578 1581 1582 1591 1592 1606 1606 1600 1590 1583 1575 1571 1572 1566 1560
1453 1455 1459 1457 1458 1465 1465 1473 1483 1488 1493 1495 1496 1504 1506 1507 1510 1508 1518 1520 1527 1531 1538 1539 1542 1548 1547 1552 1555 1553 1564 1561 1558 1558 1564 1564 1562 1569 1573 1572 1575 1576 1574 1572 1571 1569 1573 1575 1568 1569 1565 1561 1565 1570 1565 1568 1570 1573 1571 1575 1575 1577 1577 1579 1579 1581 1582 1583 1589 1590 1594 1598 1601 1597 1587 1578 1574 1573 1575 1571 1572 1566
1463 1465 1462 1463 1465 1463 1470 1481 1493 1494 1497 1500 1506 1507 1511 1514 1514 1517 1515 1523 1528 1531 1537 1547 1552 1551 1550 1555 1562 1565 1563 1567 1567 1561 1562 1562 1564 1565 1571 1574 1584 1586 1584 1577 1573 1567 1574 1575 1576 1569 1566 1571 1569 1569 1568 1571 1568 1577 1582 1581 1583 1583 1586 1583 1592 1594 1590 1593 1592 1602 1609 1605 1589 1586 1580 1570 1571 1576 1592 1593 1587 1567
1462 1458 1463 1462 1464 1467 1473 1481 1485 1490 1493 1498 1507 1513 1513 1517 1518 1522 1522 1525 1530 1534 1542 1548 1566 1556 1558 1563 1563 1565 1564 1567 1568 1566 1560 1564 1567 1568 1569 1574 1580 1585 1584 1580 1577 1576 1573 1577 1577 1569 1573 1574 1574 1571 1578 1575 1579 1577 1583 1585 1582 1587 1589 1593 1587 1593 1607 1601 1608 1614 1618 1602 1587 1584 1581 1579 1577 1577 1585 1583 1576 1564
1461 1463 1461 1460 1463 1472 1476 1481 1484 1486 1497 1504 1506 1511 1511 1519 1524 1526 1529 1528 1537 1538 1547 1556 1560 1565 1563 1562 1567 1562 1568 1565 1566 1562 1561 1564 1573 1576 1574 1571 1578 1576 1581 1579 1582 1579 1575 1570 1570 1573 1577 1576 1577 1582 1576 1586 1584 1586 1585 1587 1587 1588 1596 1596 1595 1599 1609 1613 1626 1623 1617 1608 1594 1592 1587 1581 1579 1576 1581 1577 1571 1565
1465 1462 1461 1469 1472 1479 1481 1483 1488 1491 1500 1508 1504 1510 1512 1516 1520 1526 1529 1533 1536 1548 1550 1563 1563 1562 1561 1556 1561 1563 1570 1568 1564 1562 1566 1564 1569 1579 1578 1569 1575 1582 1576 1578 1583 1581 1579 1576 1573 1575 1576 1581 1585 1594 1587 1591 1587 1592 1591 1590 1591 1595 1594 1599 1599 1600 1609 1622 1630 1624 1621 1609 1592 1592 1584 1581 1579 1577 1578 1576 1578 1571
1462 1462 1465 1470 1476 1482 1482 1487 1492 1495 1498 1501 1501 1506 1511 1524 1524 1530 1538 1538 1541 1550 1553 1561 1562 1567 1561 1556 1561 1563 1563 1568 1568 1564 1567 1566 1570 1572 1577 1575 1577 1577 1583 1578 1581 1587 1589 1583 1581 1578 1577 1580 1582 1584 1588 1612 1617 1622 1602 1591 1591 1596 1600 1600 1605 1605 1611 1625 1629 1628 1625 1611 1593 1590 1584 1584 1579 1579 1578 1575 1581 1572
1466 1467 1465 1472 1475 1481 1482 1489 1489 1493 1495 1498 1507 1510 1515 1520 1527 1532 1538 1550 1548 1553 1554 1561 1564 1560 1558 1560 1562 1567 1566 1567 1571 1569 1573 1576 1578 1571 1574 1582 1578 1578 1582 1582 1582 1591 1592 1585 1582 1581 1582 1581 1583 1587 1592 1597 1602 1605 1600 1596 1597 1598 1606 1603 1612 1611 1620 1626 1627 1624 1622 1607 1602 1597 1585 1585 1581 1580 1578 1572 1572 1568
1469 1467 1466 1474 1477 1483 1483 1488 1489 1496 1501 1507 1506 1511 1519 1524 1528 1533 1538 1542 1542 1547 1549 1558 1559 1560 1557 1558 1558 1563 1563 1561 1565 1574 1576 1574 1575 1577 1572 1578 1581 1579 1581 1581 1587 1596 1591 1590 1585 1583 1585 1587 1588 1591 1596 1598 1598 1595 1599 1598 1601 1601 1606 1610 1621 1621 1626 1627 1622 1617 1611 1605 1609 1601 1588 1584 1582 1579 1573 1570 1565 1561
1475 1470 1468 1470 1479 1483 1485 1486 1490 1497 1501 1508 1510 1513 1522 1523 1526 1533 1537 1547 1542 1545 1548 1553 1560 1559 1560 1558 1552 1564 1566 1566 1570 1571 1572 1571 1576 1574 1572 1571 1578 1585 1584 1589 1596 1607 1600 1589 1590 1594 1595 1599 1593 1593 1596 1596 1597 1595 1597 1599 1602 1602 1611 1620 1632 1636 1631 1625 1614 1604 1599 1599 1598 1596 1596 1589 1579 1569 1557 1556 1555 1554
1471 1468 1469 1471 1475 1483 1483 1487 1496 1502 1506 1512 1516 1518 1513 1523 1527 1531 1535 1544 1545 1541 1547 1552 1555 1560 1555 1551 1558 1557 1564 1567 1565 1572 1573 1571 1577 1575 1574 1573 1575 1581 1585 1590 1603 1616 1604 1595 1597 1599 1599 1599 1598 1597 1593 1597 1596 1597 1599 1600 1602 1608 1613 1623 1640 1636 1628 1630 1613 1604 1599 1598 1596 1597 1591 1581 1574 1565 1554 1544 1540 1531
1475 1471 1470 1479 1479 1481 1482 1487 1496 1499 1512 1515 1514 1518 1525 1522 1530 1531 1538 1543 1543 1539 1547 1547 1550 1554 1560 1558 1560 1559 1565 1565 1565 1565 1566 1567 1572 1576 1579 1577 1576 1577 1581 1584 1595 1608 1605 1596 1600 1597 1600 1602 1596 1595 1595 1595 1596 1602 1602 1605 1605 1609 1617 1626 1638 1638 1637 1636 1620 1612 1605 1597 1596 1595 1582 1578 1574 1565 1557 1546 1535 1524
1469 1469 1473 1481 1488 1489 1488 1492 1497 1504 1506 1510 1508 1516 1527 1532 1531 1536 1542 1546 1545 1537 1542 1544 1550 1552 1550 1561 1559 1556 1560 1559 1565 1564 1562 1569 1573 1572 1580 1579 1583 1583 1588 1593 1593 1601 1605 1599 1606 1603 1600 1600 1599 1598 1595 1592 1594 1600 1604 1606 1604 1611 1615 1619 1628 1631 1636 1631 1633 1618 1601 1593 1595 1594 1583 1575 1572 1568 1562 1546 1532 1520
1470 1469 1473 1479 1487 1494 1495 1499 1502 1505 1508 1508 1510 1516 1528 1530 1534 1534 1539 1538 1542 1538 1541 1541 1544 1548 1551 1557 1558 1560 1555 1556 1558 1562 1564 1561 1571 1572 1573 1581 1584 1587 1593 1596 1591 1595 1596 1602 1604 1602 1598 1597 1598 1594 1593 1593 1597 1597 1599 1598 1600 1602 1611 1620 1637 1634 1631 1628 1625 1614 1600 1596 1600 1597 1583 1579 1583 1576 1558 1542 1527 1513
1472 1474 1483 1485 1489 1494 1501 1502 1507 1508 1508 1511 1510 1516 1522 1521 1526 1531 1538 1540 1541 1535 1542 1537 1544 1546 1545 1549 1556 1556 1559 1559 1560 1566 1559 1562 1568 1572 1575 1575 1583 1584 1588 1591 1590 1590 1595 1600 1602 1601 1598 1596 1595 1594 1593 1596 1596 1595 1597 1596 1598 1606 1609 1615 1632 1625 1621 1620 1608 1601 1598 1598 1598 1594 1585 1580 1583 1570 1557 1541 1527 1525
1472 1476 1481 1485 1489 1492 1501 1505 1509 1513 1510 1516 1517 1520 1527 1532 1533 1537 1536 1534 1538 1542 1535 1539 1539 1541 1544 1547 1552 1557 1559 1556 1554 1561 1566 1562 1568 1573 1572 1575 1584 1583 1585 1591 1587 1591 1592 1594 1598 1604 1609 1603 1598 1598 1597 1598 1591 1592 1593 1599 1597 1604 1610 1628 1634 1625 1610 1609 1599 1592 1589 1592 1593 1586 1583 1584 1578 1563 1546 1542 1513 1503
1476 1485 1488 1488 1489 1496 1503 1503 1508 1512 1513 1515 1520 1522 1529 1530 1532 1535 1533 1531 1535 1533 1531 1530 1535 1541 1543 1549 1551 1552 1554 1556 1555 1558 1561 1559 1564 1575 1574 1574 1583 1584 1591 1589 1588 1586 1594 1604 1607 1619 1623 1612 1600 1599 1595 1599 1597 1595 1594 1596 1596 1597 1602 1625 1630 1626 1614 1612 1602 1600 1600 1589 1586 1581 1580 1576 1568 1545 1529 1520 1501 1494
1482 1484 1488 1492 1498 1500 1500 1505 1509 1511 1512 1515 1518 1523 1526 1531 1525 1529 1523 1523 1531 1523 1530 1525 1533 1539 1544 1549 1555 1550 1550 1552 1552 1550 1556 1560 1564 1567 1575 1575 1582 1586 1591 1591 1584 1587 1595 1610 1614 1626 1624 1611 1599 1598 1599 1593 1599 1600 1602 1595 1598 1595 1595 1611 1613 1612 1603 1609 1606 1600 1591 1582 1580 1576 1576 1564 1550 1526 1519 1509 1496 1486
1486 1491 1492 1498 1500 1500 1500 1507 1507 1502 1511 1515 1518 1521 1523 1527 1521 1523 1520 1520 1525 1526 1525 1524 1529 1532 1538 1546 1553 1551 1551 1544 1549 1549 1553 1556 1559 1567 1572 1578 1578 1584 1586 1587 1583 1586 1590 1605 1608 1620 1616 1609 1601 1599 1601 1598 1595 1598 1607 1600 1602 1598 1595 1595 1592 1593 1606 1605 1601 1592 1583 1581 1573 1571 1570 1559 1533 1516 1506 1497 1496 1478
1490 1496 1496 1499 1496 1499 1499 1506 1501 1509 1513 1517 1521 1515 1520 1521 1517 1522 1517 1517 1520 1520 1518 1521 1526 1530 1539 1540 1547 1551 1550 1548 1546 1547 1550 1558 1558 1563 1572 1579 1579 1585 1582 1584 1582 1587 1593 1605 1606 1614 1609 1604 1601 1598 1602 1603 1598 1601 1602 1598 1599 1600 1597 1598 1610 1610 1606 1606 1600 1588 1577 1576 1567 1569 1555 1539 1526 1516 1505 1493 1482 1475
1494 1494 1494 1500 1496 1496 1501 1503 1507 1513 1517 1514 1510 1512 1515 1519 1516 1518 1516 1515 1520 1521 1528 1527 1528 1535 1536 1534 1544 1544 1547 1546 1551 1548 1548 1556 1559 1561 1569 1577 1580 1584 1576 1582 1583 1588 1593 1604 1605 1604 1604 1600 1601 1599 1602 1603 1597 1597 1601 1597 1596 1600 1602 1606 1615 1614 1613 1610 1602 1589 1579 1572 1558 1544 1532 1517 1510 1494 1496 1488 1480 1465
1490 1490 1492 1497 1498 1499 1504 1502 1507 1506 1515 1519 1509 1510 1515 1520 1513 1515 1511 1510 1518 1527 1528 1532 1534 1535 1533 1532 1535 1542 1538 1541 1550 1546 1543 1549 1554 1555 1559 1565 1568 1572 1570 1572 1575 1585 1588 1593 1597 1600 1601 1601 1598 1599 1602 1603 1599 1596 1593 1595 1593 1602 1609 1601 1599 1605 1601 1603 1599 1589 1581 1572 1562 1534 1516 1510 1500 1485 1478 1476 1467 1458
1486 1490 1488 1490 1491 1500 1505 1501 1504 1507 1509 1510 1507 1511 1513 1516 1514 1511 1511 1519 1519 1523 1525 1531 1528 1531 1526 1530 1533 1540 1538 1535 1535 1544 1539 1544 1548 1554 1554 1559 1565 1563 1571 1574 1579 1578 1586 1588 1594 1597 1596 1598 1598 1599 1601 1603 1601 1597 1599 1598 1601 1616 1617 1614 1611 1609 1609 1608 1601 1587 1580 1573 1565 1545 1518 1495 1486 1483 1470 1471 1459 1446
1485 1490 1488 1488 1497 1500 1503 1496 1499 1506 1505 1501 1506 1509 1511 1512 1508 1506 1510 1514 1515 1516 1521 1526 1524 1522 1522 1526 1529 1528 1535 1533 1535 1547 1549 1546 1547 1557 1559 1561 1571 1567 1571 1577 1582 1582 1583 1589 1591 1590 1592 1593 1591 1600 1604 1604 1601 1601 1598 1599 1602 1608 1618 1623 1619 1611 1607 1611 1597 1584 1578 1575 1561 1543 1516 1502 1486 1474 1465 1459 1446 1441
1486 1490 1487 1491 1495 1499 1497 1497 1499 1507 1505 1500 1503 1502 1498 1506 1509 1505 1507 1511 1517 1517 1522 1527 1523 1520 1521 1523 1525 1524 1526 1529 1532 1545 1548 1550 1547 1554 1561 1565 1575 1574 1574 1578 1580 1583 1580 1588 1592 1592 1594 1595 1597 1599 1604 1602 1598 1598 1601 1600 1600 1609 1616 1623 1618 1610 1606 1606 1591 1579 1572 1566 1556 1531 1507 1499 1489 1476 1457 1449 1435 1436
1485 1483 1486 1486 1489 1493 1496 1498 1504 1511 1506 1498 1498 1499 1499 1503 1503 1510 1510 1513 1518 1515 1520 1522 1523 1518 1515 1517 1521 1524 1520 1523 1530 1538 1540 1544 1546 1552 1561 1572 1573 1573 1577 1583 1581 1583 1581 1589 1590 1590 1593 1593 1595 1597 1600 1598 1596 1596 1603 1600 1611 1616 1616 1614 1609 1602 1601 1599 1587 1578 1572 1550 1532 1518 1489 1480 1471 1461 1452 1437 1426 1425
1485 1488 1492 1493 1487 1494 1495 1493 1500 1502 1498 1498 1498 1498 1499 1501 1505 1511 1511 1508 1514 1513 1518 1518 1516 1517 1511 1515 1516 1518 1517 1521 1524 1533 1535 1540 1546 1556 1562 1565 1571 1575 1574 1583 1580 1581 1584 1582 1584 1590 1591 1590 1594 1598 1596 1597 1598 1592 1595 1601 1599 1597 1598 1592 1586 1586 1583 1588 1584 1580 1569 1540 1503 1483 1472 1470 1454 1446 1435 1428 1421 1419
1489 1493 1497 1497 1495 1499 1501 1499 1501 1498 1500 1502 1508 1501 1501 1502 1504 1513 1508 1513 1512 1512 1510 1512 1511 1511 1505 1509 1509 1511 1515 1520 1525 1529 1538 1542 1547 1557 1564 1572 1572 1577 1576 1585 1586 1582 1584 1583 1583 1588 1589 1592 1594 1596 1596 1604 1599 1590 1591 1589 1587 1592 1590 1586 1586 1587 1583 1584 1583 1571 1556 1545 1529 1478 1463 1466 1447 1433 1427 1422 1418 1417
1491 1497 1507 1504 1500 1505 1505 1506 1500 1499 1507 1512 1515 1508 1502 1501 1502 1506 1509 1512 1509 1507 1509 1508 1508 1510 1510 1514 1516 1518 1519 1519 1529 1532 1539 1545 1553 1557 1560 1571 1573 1578 1583 1583 1584 1585 1585 1585 1584 1585 1591 1591 1591 1590 1592 1593 1591 1589 1592 1590 1590 1595 1590 1583 1577 1573 1567 1576 1578 1565 1541 1514 1498 1468 1458 1448 1433 1430 1422 1425 1419 1414
