bio16.asc
ncols         536
nrows         773
xllcorner     -3.262084961
yllcorner     4.7407226560001
cellsize      0.0083253775074627
NODATA_value  -9999
[rows 240 to 279 of 773, columns 178 to 266 of 536]
513 512 511 512 513 513 513 516 514 513 514 513 512 513 513 512 515 519 518 518 519 518 517 516 516 516 516 515 515 517 517 518 516 517 517 518 518 519 520 519 519 518 518 519 520 521 521 521 521 521 523 525 525 526 526 527 527 526 526 526 528 529 530 528 528 529 529 531 531 531 532 531 533 534 537 538 537 537 538 538 541 542 545 544 546 547 548 549 547
514 512 512 512 514 516 516 515 517 514 513 513 513 512 513 515 517 519 519 519 519 519 518 517 517 518 516 514 514 514 515 516 515 516 516 517 518 517 518 519 517 518 518 518 519 520 519 520 521 521 521 522 523 524 524 524 525 525 527 528 528 529 531 530 530 530 530 530 531 531 532 533 533 534 536 536 536 537 537 539 542 545 544 543 546 547 548 548 548
514 512 513 514 517 518 518 515 515 515 514 513 513 513 512 515 515 518 518 520 521 520 519 519 519 518 516 514 514 514 514 514 515 516 516 516 516 516 516 517 517 517 517 517 517 519 520 519 520 522 523 522 525 525 523 524 526 526 528 530 529 529 531 533 532 530 530 530 529 531 531 532 532 533 535 536 537 537 537 539 541 544 544 544 546 547 547 547 549
513 512 512 513 514 514 515 513 513 514 514 514 514 514 514 515 515 512 515 515 517 517 515 515 518 518 517 514 514 514 514 514 515 515 515 516 516 516 516 518 518 518 518 518 517 517 519 521 522 522 523 523 523 524 524 525 526 528 528 531 531 531 532 532 531 531 531 530 529 530 531 532 532 533 533 535 536 536 537 539 540 542 543 543 544 545 546 548 550
511 510 511 511 511 512 512 510 510 510 514 513 515 514 515 515 514 512 511 512 513 514 514 514 514 515 515 514 514 515 513 513 513 515 515 516 516 516 517 517 519 518 518 518 518 519 520 521 524 522 522 523 522 522 524 524 526 525 527 529 530 531 531 531 531 531 534 533 533 532 532 533 533 533 533 533 534 536 537 538 540 541 542 542 542 544 546 548 548
514 513 513 510 510 510 509 509 509 509 510 510 512 513 513 514 512 511 511 511 510 511 512 511 511 511 511 511 512 514 512 514 513 514 514 515 515 517 517 518 518 518 517 517 518 517 520 520 521 521 522 523 522 523 523 524 525 524 525 527 529 529 530 531 531 531 533 534 534 535 534 534 532 533 533 532 534 535 536 537 538 540 540 541 542 544 546 546 546
513 511 511 511 509 509 509 509 510 510 508 509 509 509 510 512 512 512 512 512 511 511 511 512 511 511 511 511 511 512 513 514 513 513 514 516 516 516 516 517 518 516 517 517 518 518 521 520 521 521 521 521 522 522 523 524 525 525 526 526 526 528 529 529 530 530 530 533 534 535 535 536 536 534 532 529 528 530 534 536 536 538 539 540 542 544 546 546 545
510 509 509 508 507 506 507 507 507 507 507 509 508 509 508 509 509 510 510 510 510 510 510 510 511 510 511 511 510 512 513 514 514 512 514 514 516 516 516 516 516 516 516 516 517 518 520 521 521 520 520 521 520 522 522 523 525 525 525 526 526 526 526 527 527 528 530 530 533 533 533 534 536 534 532 525 523 525 529 534 537 537 538 540 541 542 543 543 544
508 508 507 507 507 505 506 506 505 506 509 510 510 508 508 508 508 508 509 509 510 510 512 510 511 510 511 510 511 511 512 512 513 512 512 513 514 514 514 515 515 516 516 516 518 519 519 519 519 519 520 521 520 520 521 521 522 525 525 524 525 526 526 528 528 529 530 530 531 531 532 533 534 535 533 528 524 524 524 530 535 537 538 539 540 540 541 542 542
508 508 510 508 507 508 507 505 505 504 505 506 509 510 509 510 508 508 509 509 511 511 511 510 510 510 510 510 511 511 512 512 513 513 513 513 514 515 515 515 515 514 516 516 518 519 519 520 520 519 519 520 520 520 520 520 520 524 523 525 525 527 527 530 530 530 531 529 529 530 532 534 534 533 534 531 527 526 522 524 530 534 537 538 538 539 539 540 541
506 504 507 505 504 504 505 505 505 505 503 504 506 507 510 510 509 508 510 510 512 512 512 512 509 509 510 509 511 512 512 512 513 513 514 514 513 515 515 516 515 515 515 515 516 518 517 518 517 517 517 518 518 519 519 520 521 523 523 523 526 527 529 530 530 530 529 530 530 530 532 533 534 532 533 533 532 528 524 522 525 531 536 536 536 537 538 539 541
501 500 501 504 504 501 501 501 505 505 503 503 504 505 506 508 506 506 509 509 510 509 512 512 511 510 509 511 512 512 513 513 513 512 514 515 514 514 515 516 515 515 514 515 515 515 515 517 516 519 519 519 519 520 520 521 522 522 523 524 528 528 530 530 530 531 529 530 530 530 532 532 533 532 533 533 532 530 525 522 524 530 534 534 536 537 538 540 541
499 498 500 500 501 500 499 500 502 502 502 500 502 502 502 503 503 506 509 508 508 508 510 509 509 510 511 511 511 512 511 511 512 512 514 515 513 513 514 515 514 514 514 515 515 515 515 516 517 517 518 519 519 520 520 520 521 523 524 524 526 528 528 528 528 528 528 528 528 528 531 531 532 532 531 533 532 530 525 521 523 530 534 535 535 537 538 539 542
499 497 497 498 498 501 501 498 500 499 499 499 499 499 500 502 502 508 509 509 508 509 509 508 508 508 512 513 512 514 514 512 512 513 514 514 513 512 512 513 513 513 514 514 515 515 515 514 515 518 519 519 519 519 522 523 523 523 524 525 525 525 526 527 526 527 525 527 527 529 529 530 532 532 532 531 533 531 526 522 521 527 533 533 535 535 538 541 543
500 498 498 496 496 499 499 498 498 495 495 497 498 500 499 501 500 503 506 509 508 507 510 508 507 509 512 514 512 514 512 513 511 512 511 512 515 513 512 513 512 511 512 512 513 514 514 515 515 516 518 518 518 519 520 523 522 524 524 523 523 524 525 524 526 526 526 528 527 527 528 531 532 533 533 534 534 533 526 521 520 522 528 528 534 535 538 541 544
496 497 498 496 494 495 495 495 495 497 497 498 501 500 499 499 500 501 504 507 506 504 507 507 507 508 511 512 512 512 512 511 510 510 510 511 513 513 511 511 512 512 512 512 512 512 513 514 515 517 518 519 518 519 519 521 521 521 522 523 523 524 524 526 526 526 526 526 527 527 527 531 531 532 533 533 534 534 531 524 520 522 526 529 534 538 539 543 544
494 494 495 494 493 494 494 495 495 498 500 502 503 500 500 502 501 500 503 505 504 504 504 506 506 508 510 509 511 511 511 509 509 509 509 510 511 511 510 511 511 512 511 510 511 511 514 514 515 517 518 518 518 520 519 521 520 522 522 523 524 524 523 524 525 526 527 529 529 527 527 529 530 531 532 533 532 531 528 522 519 521 522 524 533 538 541 545 545
491 490 490 492 494 495 495 496 496 498 501 505 504 501 501 502 502 501 501 502 502 503 503 506 507 507 507 508 508 510 510 509 508 508 507 509 510 510 510 511 511 512 511 511 511 511 513 514 515 516 518 518 518 518 518 520 520 521 521 523 524 523 522 524 525 526 528 528 528 527 528 527 528 529 532 532 531 530 526 520 520 519 522 525 532 538 542 544 545
489 489 490 493 494 495 497 498 498 499 504 507 507 505 503 503 501 501 501 502 503 503 501 503 506 506 506 507 507 509 507 508 508 507 506 506 509 511 511 511 511 511 511 512 512 512 513 512 514 516 517 517 517 519 518 520 521 521 521 523 523 523 523 524 526 526 527 527 528 529 529 528 528 529 530 530 530 530 527 521 519 519 523 526 535 542 543 544 545
488 491 492 492 494 498 498 500 501 503 507 507 506 506 506 507 504 504 502 504 504 503 501 502 504 504 504 506 507 507 506 506 506 507 506 506 509 509 511 510 510 510 510 511 512 513 513 513 513 516 517 517 518 518 518 520 521 522 522 522 523 522 522 524 524 525 526 525 526 528 529 529 528 527 528 530 529 529 525 520 520 521 526 529 538 540 541 541 543
488 491 494 493 493 496 498 500 504 506 505 505 504 504 504 504 503 503 502 502 502 502 501 502 503 503 504 504 506 506 506 506 506 507 506 506 506 510 511 510 510 511 510 510 512 513 513 512 513 516 516 517 517 516 518 517 519 520 521 522 522 522 523 523 523 524 523 525 524 525 526 526 525 522 525 528 529 527 522 519 520 521 525 528 537 539 540 540 541
492 492 493 493 494 496 499 504 507 505 504 503 503 503 500 500 500 501 503 502 501 498 499 500 501 502 503 503 505 506 505 505 505 506 505 506 506 508 511 510 508 509 509 510 510 512 512 512 513 514 515 516 516 516 518 517 518 519 520 520 520 520 520 520 521 521 524 524 525 527 526 524 521 516 518 523 523 523 521 519 522 524 530 533 538 539 539 542 543
494 493 494 494 495 497 502 505 506 505 505 504 504 503 503 502 502 504 503 502 501 501 501 498 500 502 502 502 502 504 505 505 504 504 504 504 505 508 509 508 506 507 509 509 509 511 510 511 513 514 514 515 516 516 517 518 519 519 519 519 519 520 520 520 521 523 524 524 527 527 525 526 522 518 515 517 518 519 518 519 522 526 533 533 536 538 539 542 542
494 493 493 493 496 499 504 504 503 504 504 502 502 504 503 504 503 503 501 499 499 499 499 498 498 499 501 501 502 503 504 504 503 505 503 503 503 506 507 506 505 507 507 509 510 510 509 510 510 513 513 515 516 514 515 517 518 519 520 520 521 520 520 520 522 523 524 525 526 527 527 526 523 517 515 514 515 516 518 520 525 529 534 534 537 537 538 540 541
493 494 494 495 497 501 501 501 501 501 502 503 503 503 502 501 501 501 500 500 501 501 500 500 498 498 501 500 501 502 501 503 503 502 503 502 502 504 504 504 505 506 507 508 509 509 508 509 510 511 512 513 515 515 515 516 517 517 519 520 520 520 520 520 520 522 523 525 525 526 526 526 523 515 514 514 515 518 518 522 527 531 533 536 536 536 538 540 541
492 495 496 497 501 501 498 498 498 498 499 501 500 500 501 501 500 498 500 500 499 499 500 498 498 498 500 501 500 500 500 500 503 502 500 502 501 502 501 502 504 504 508 507 507 507 507 508 508 510 512 512 514 514 514 515 515 517 518 518 518 519 519 519 518 520 522 522 523 524 525 526 522 514 512 514 514 517 521 525 530 532 534 534 534 537 539 539 540
494 495 501 498 502 498 499 498 499 498 498 499 499 499 497 497 497 497 497 497 497 496 496 497 499 499 498 500 500 500 500 500 500 500 499 500 500 500 501 502 503 504 507 507 507 507 507 506 508 509 512 513 513 514 513 514 514 516 517 518 518 518 519 520 520 520 521 522 522 522 522 522 521 514 513 512 515 518 524 529 529 531 533 533 533 534 537 538 539
494 495 504 503 502 500 500 498 499 501 499 500 498 500 498 497 499 499 500 500 500 499 498 497 497 496 497 498 499 499 499 498 500 499 498 499 500 501 501 502 501 503 505 506 506 506 506 506 507 508 511 511 511 512 514 514 515 516 517 518 519 518 519 520 520 521 521 521 522 521 521 521 520 515 514 514 519 523 528 528 529 530 532 533 532 533 536 536 540
491 494 500 504 503 502 502 501 501 501 500 499 498 500 499 499 500 502 502 499 499 499 498 496 497 497 496 497 497 497 498 499 497 498 498 498 499 501 501 500 502 502 503 503 503 504 506 507 507 509 511 511 510 512 513 514 515 516 517 517 517 518 520 519 518 518 520 520 520 522 523 523 523 515 513 515 523 525 527 528 529 530 532 533 533 534 536 537 539
491 492 495 500 503 503 503 502 501 500 499 500 500 500 501 501 501 501 502 500 497 496 496 496 497 497 497 496 496 496 497 497 497 497 499 499 499 500 500 501 502 502 503 503 503 505 505 507 506 509 510 511 510 510 511 513 514 516 517 517 517 518 518 517 517 518 520 519 520 521 522 522 521 516 512 514 522 524 526 527 528 529 532 535 537 536 537 538 538
492 492 495 500 502 503 503 501 500 500 501 501 501 500 498 497 497 498 498 498 497 497 496 495 497 496 496 495 495 496 497 497 496 497 498 498 498 499 500 502 502 502 502 502 502 502 505 505 505 508 510 510 510 510 511 512 514 514 515 516 517 517 517 516 516 519 519 521 521 521 521 521 520 516 511 513 520 522 525 528 530 530 532 534 535 536 536 537 537
492 494 498 500 503 503 503 502 501 501 501 501 498 498 497 497 497 498 497 497 496 498 496 496 496 496 494 494 495 496 495 496 495 498 498 498 499 500 500 501 501 502 502 502 502 502 504 505 505 508 510 510 511 511 509 511 512 513 514 516 516 517 517 517 516 518 519 520 520 521 521 521 520 515 512 514 519 522 526 528 530 531 531 531 532 534 535 536 537
493 495 497 500 501 502 502 502 500 501 500 499 496 498 499 499 496 498 499 498 498 499 497 497 496 494 494 494 495 495 494 496 494 499 498 498 499 499 501 500 501 502 501 500 501 502 503 504 505 506 508 509 511 509 510 510 511 512 513 513 515 516 516 518 518 518 519 519 521 520 520 521 518 512 511 511 514 516 520 522 527 530 530 532 531 533 535 536 536
495 496 495 496 499 501 502 500 500 500 499 498 500 500 500 498 497 498 498 498 501 500 497 498 497 495 494 493 494 495 494 495 497 499 499 498 498 499 499 500 501 501 501 500 500 501 504 505 504 505 509 509 511 511 511 509 510 511 513 513 513 515 517 517 518 519 519 519 520 519 520 521 520 518 515 511 511 512 514 520 526 529 530 530 531 531 533 536 536
493 496 495 494 497 499 501 499 499 498 498 500 500 500 500 500 499 498 499 501 501 499 499 498 498 495 495 494 494 495 495 495 498 497 497 497 498 498 499 500 501 501 500 500 500 501 503 504 503 506 508 509 509 509 510 510 510 511 512 513 512 513 515 515 516 518 518 518 519 519 520 521 522 519 515 513 512 511 513 519 526 528 529 530 531 531 532 534 534
492 496 496 494 495 498 499 498 498 498 498 499 499 499 498 498 499 500 500 502 501 500 500 499 495 494 495 495 495 495 495 496 498 498 497 497 498 498 499 500 499 499 500 500 500 500 501 502 503 504 507 509 509 509 511 511 511 511 513 513 512 515 515 516 516 517 517 516 518 519 520 523 523 522 519 517 513 512 513 517 522 526 529 529 530 531 534 535 535
492 495 497 495 493 494 496 497 497 496 496 497 497 496 497 497 498 499 498 498 500 500 500 497 496 494 494 496 495 494 495 496 496 497 496 496 497 497 497 498 500 498 498 500 500 500 500 501 503 504 504 507 508 509 512 511 511 511 511 512 512 514 515 515 517 517 517 517 518 518 520 522 521 521 521 519 512 513 512 514 520 525 527 528 529 531 533 535 534
491 491 492 491 494 494 494 494 494 494 495 494 494 495 496 497 496 494 494 494 497 498 498 497 495 494 493 494 495 495 494 496 495 495 497 496 497 496 496 497 498 498 497 497 498 499 499 501 502 502 503 506 507 509 511 512 511 511 511 511 512 513 514 515 515 515 517 517 518 518 521 522 522 521 521 519 517 517 512 513 520 523 527 528 529 531 533 533 533
490 487 487 487 492 492 495 494 494 494 495 495 495 495 493 494 493 493 493 493 494 494 494 494 494 494 494 493 494 495 496 497 495 496 496 495 496 496 496 496 496 498 499 498 498 498 498 499 500 502 503 504 507 508 508 509 508 510 509 511 511 511 513 513 515 514 514 516 517 518 519 521 522 521 521 522 520 519 515 512 516 522 525 526 528 530 531 531 532
489 488 486 485 487 487 490 493 495 495 496 495 494 494 493 493 493 495 493 493 493 492 493 495 495 495 494 494 494 493 495 496 494 495 496 494 495 495 497 497 497 497 498 498 499 498 499 499 499 500 502 503 504 506 507 509 507 509 508 509 510 512 512 513 513 513 513 515 515 516 517 518 520 520 522 523 523 521 517 514 513 518 523 526 528 528 530 531 530
