bio12.asc
ncols         536
nrows         773
xllcorner     -3.262084961
yllcorner     4.7407226560001
cellsize      0.0083253775074627
NODATA_value  -9999
[rows 444 to 480 of 773, columns 328 to 409 of 536]
1254 1264 1273 1274 1275 1275 1278 1276 1281 1286 1285 1287 1294 1295 1292 1291 1293 1292 1295 1288 1278 1278 1279 1290 1298 1300 1304 1305 1301 1301 1306 1305 1306 1307 1309 1311 1313 1316 1319 1316 1316 1316 1314 1317 1316 1307 1300 1299 1295 1293 1296 1282 1272 1274 1276 1271 1272 1286 1306 1319 1327 1334 1340 1352 1357 1347 1332 1321 1308 1293 1287 1284 1299 1303 1301 1298 1296 1302 1305 1309 1316 1329
1254 1261 1270 1277 1282 1279 1281 1283 1283 1289 1290 1290 1296 1297 1292 1294 1295 1294 1292 1289 1279 1278 1283 1292 1302 1305 1305 1303 1302 1302 1307 1306 1307 1313 1312 1312 1314 1319 1319 1318 1317 1318 1317 1316 1310 1302 1300 1288 1290 1288 1283 1293 1295 1299 1293 1282 1277 1280 1297 1318 1323 1328 1336 1344 1355 1360 1354 1353 1344 1318 1290 1280 1286 1301 1303 1301 1299 1301 1305 1309 1315 1318
1264 1260 1267 1271 1277 1282 1285 1289 1284 1289 1293 1293 1299 1294 1296 1300 1296 1289 1295 1290 1291 1288 1292 1302 1300 1308 1303 1303 1302 1303 1306 1308 1313 1313 1313 1316 1313 1312 1312 1312 1312 1312 1314 1316 1308 1306 1304 1300 1302 1291 1295 1323 1325 1314 1315 1309 1292 1278 1288 1309 1323 1329 1334 1338 1350 1364 1371 1357 1346 1313 1291 1289 1291 1297 1301 1301 1300 1301 1308 1312 1316 1318
1272 1270 1268 1273 1279 1285 1287 1290 1287 1288 1295 1298 1297 1297 1299 1299 1297 1290 1288 1301 1300 1302 1304 1305 1307 1305 1305 1306 1301 1303 1308 1310 1313 1314 1314 1314 1310 1311 1314 1316 1316 1316 1315 1314 1308 1311 1316 1314 1308 1304 1311 1327 1331 1324 1322 1317 1299 1281 1281 1298 1316 1325 1331 1336 1346 1365 1379 1366 1353 1319 1296 1304 1299 1300 1298 1299 1299 1301 1310 1316 1314 1315
1275 1275 1270 1273 1278 1287 1289 1289 1288 1290 1290 1298 1296 1298 1303 1300 1300 1293 1295 1301 1298 1301 1303 1310 1306 1306 1306 1305 1305 1309 1308 1312 1312 1311 1310 1310 1310 1315 1317 1317 1316 1314 1313 1315 1315 1315 1318 1319 1314 1310 1322 1334 1339 1333 1326 1315 1306 1282 1283 1293 1311 1316 1329 1334 1347 1368 1384 1377 1354 1314 1296 1310 1304 1303 1303 1299 1300 1302 1307 1311 1310 1305
1278 1275 1272 1275 1277 1285 1288 1290 1287 1286 1284 1293 1297 1300 1304 1301 1301 1301 1304 1298 1296 1299 1296 1307 1313 1310 1308 1310 1306 1311 1313 1312 1309 1309 1311 1311 1311 1310 1310 1308 1308 1313 1313 1318 1323 1323 1323 1328 1328 1328 1334 1337 1342 1337 1331 1319 1309 1304 1302 1306 1310 1315 1328 1347 1359 1375 1376 1374 1360 1319 1300 1326 1318 1309 1308 1302 1298 1301 1302 1306 1304 1293
1278 1275 1272 1275 1277 1285 1288 1290 1287 1286 1284 1293 1297 1300 1304 1301 1301 1301 1304 1298 1296 1299 1296 1307 1313 1310 1308 1310 1306 1311 1313 1312 1309 1309 1311 1311 1311 1310 1310 1308 1308 1313 1313 1318 1323 1323 1323 1328 1328 1328 1334 1337 1342 1337 1331 1319 1309 1304 1302 1306 1310 1315 1328 1347 1359 1375 1376 1374 1360 1319 1300 1326 1318 1309 1308 1302 1298 1301 1302 1306 1304 1293
1285 1283 1281 1282 1283 1286 1289 1293 1290 1285 1283 1291 1298 1306 1307 1307 1304 1304 1304 1294 1292 1307 1306 1314 1312 1305 1300 1305 1308 1313 1310 1306 1311 1309 1311 1310 1310 1307 1310 1311 1313 1314 1319 1323 1321 1319 1315 1321 1328 1332 1337 1337 1334 1326 1323 1316 1327 1322 1317 1323 1324 1328 1343 1355 1363 1371 1374 1377 1383 1354 1324 1310 1301 1307 1309 1305 1303 1298 1298 1301 1304 1300
1286 1287 1284 1284 1289 1290 1294 1298 1298 1291 1293 1297 1295 1303 1308 1305 1306 1308 1308 1303 1304 1313 1314 1314 1312 1312 1308 1309 1313 1316 1311 1306 1305 1305 1308 1306 1310 1308 1312 1318 1318 1318 1328 1326 1327 1327 1325 1330 1331 1325 1326 1329 1324 1326 1334 1336 1337 1328 1322 1331 1343 1345 1353 1361 1370 1373 1378 1380 1385 1386 1366 1315 1296 1307 1313 1309 1305 1302 1301 1300 1301 1301
1284 1288 1287 1288 1291 1291 1301 1305 1301 1295 1300 1305 1302 1301 1304 1305 1304 1305 1311 1312 1315 1318 1317 1319 1316 1316 1318 1317 1315 1310 1308 1307 1306 1309 1311 1313 1312 1314 1315 1322 1318 1320 1328 1328 1332 1333 1333 1330 1326 1328 1325 1327 1330 1332 1341 1347 1348 1332 1327 1335 1348 1354 1361 1361 1364 1370 1378 1386 1384 1388 1388 1340 1308 1312 1317 1315 1309 1305 1304 1303 1302 1305
1287 1292 1292 1292 1294 1294 1298 1304 1300 1295 1300 1307 1303 1298 1299 1304 1300 1301 1309 1310 1315 1314 1313 1319 1321 1323 1325 1316 1310 1311 1312 1314 1318 1314 1315 1314 1317 1319 1320 1321 1318 1322 1329 1332 1333 1335 1331 1330 1333 1336 1335 1329 1335 1340 1346 1346 1348 1338 1336 1343 1350 1354 1356 1358 1362 1369 1372 1384 1389 1390 1395 1361 1316 1309 1314 1318 1312 1308 1306 1303 1304 1306
1292 1294 1296 1295 1296 1298 1300 1300 1297 1289 1293 1301 1300 1295 1297 1302 1299 1302 1302 1309 1311 1314 1312 1317 1320 1317 1318 1321 1315 1318 1313 1314 1314 1314 1321 1320 1321 1321 1323 1321 1321 1327 1333 1333 1331 1333 1335 1335 1334 1333 1332 1333 1337 1339 1343 1348 1350 1342 1342 1348 1352 1355 1362 1361 1367 1366 1373 1380 1388 1399 1392 1383 1335 1313 1310 1316 1317 1308 1305 1306 1308 1308
1290 1295 1296 1298 1297 1296 1297 1296 1300 1291 1290 1295 1300 1296 1294 1299 1295 1298 1299 1304 1303 1305 1306 1315 1315 1309 1312 1322 1325 1325 1318 1317 1324 1321 1326 1321 1323 1326 1328 1324 1318 1327 1333 1335 1333 1337 1340 1339 1332 1336 1341 1339 1343 1343 1347 1353 1355 1352 1354 1357 1357 1359 1362 1364 1368 1371 1372 1378 1384 1397 1403 1393 1362 1326 1312 1319 1322 1313 1309 1311 1312 1312
1292 1289 1294 1292 1293 1296 1297 1292 1297 1288 1282 1282 1295 1298 1292 1298 1297 1299 1298 1291 1296 1301 1300 1307 1310 1300 1299 1310 1316 1314 1322 1319 1321 1321 1322 1319 1323 1327 1329 1323 1319 1324 1332 1336 1338 1340 1339 1336 1337 1342 1346 1346 1349 1345 1356 1351 1348 1351 1356 1361 1362 1361 1361 1365 1365 1370 1373 1379 1384 1392 1398 1387 1380 1350 1321 1295 1312 1320 1318 1315 1316 1317
1292 1288 1293 1291 1294 1293 1295 1290 1290 1297 1292 1283 1292 1298 1298 1297 1297 1299 1297 1296 1301 1306 1303 1308 1311 1304 1305 1311 1314 1310 1316 1312 1314 1320 1321 1317 1317 1331 1335 1331 1330 1334 1337 1339 1340 1343 1336 1336 1336 1344 1349 1347 1355 1351 1348 1347 1347 1354 1360 1361 1365 1361 1362 1366 1370 1369 1374 1376 1383 1387 1397 1384 1367 1350 1326 1298 1299 1326 1322 1322 1324 1325
1289 1287 1288 1290 1287 1292 1291 1292 1289 1292 1292 1284 1289 1297 1293 1290 1295 1300 1304 1302 1303 1307 1304 1306 1314 1311 1308 1313 1310 1310 1316 1319 1318 1323 1325 1326 1322 1324 1327 1336 1339 1339 1340 1344 1347 1342 1338 1336 1339 1343 1344 1344 1345 1342 1347 1349 1353 1355 1366 1367 1366 1364 1367 1365 1367 1369 1373 1371 1376 1385 1386 1388 1373 1357 1340 1317 1310 1337 1316 1315 1319 1331
1289 1289 1284 1286 1282 1291 1291 1291 1287 1290 1292 1290 1286 1292 1301 1295 1294 1300 1299 1298 1297 1308 1305 1298 1303 1312 1309 1309 1307 1307 1319 1317 1322 1327 1324 1326 1322 1322 1327 1329 1337 1337 1337 1340 1346 1348 1342 1341 1341 1343 1339 1340 1347 1352 1350 1347 1358 1362 1364 1363 1374 1375 1364 1364 1369 1370 1367 1364 1373 1387 1391 1401 1394 1369 1363 1329 1323 1346 1318 1307 1314 1334
1291 1293 1291 1290 1290 1288 1284 1286 1285 1288 1289 1286 1284 1288 1298 1295 1291 1298 1305 1302 1297 1303 1303 1297 1305 1314 1308 1309 1309 1310 1319 1316 1320 1325 1319 1322 1321 1323 1325 1329 1335 1334 1332 1337 1340 1344 1346 1343 1343 1341 1343 1344 1349 1352 1348 1350 1359 1357 1362 1365 1372 1374 1367 1366 1371 1373 1363 1363 1368 1376 1393 1403 1411 1399 1378 1351 1356 1345 1320 1306 1316 1331
1295 1295 1291 1294 1292 1293 1289 1286 1288 1288 1287 1287 1284 1289 1296 1297 1296 1299 1302 1300 1296 1301 1303 1302 1308 1311 1313 1309 1313 1313 1318 1317 1319 1324 1319 1320 1319 1321 1325 1324 1328 1334 1330 1334 1334 1336 1339 1345 1347 1343 1344 1347 1350 1347 1347 1352 1355 1361 1367 1367 1367 1369 1369 1368 1364 1369 1364 1363 1366 1362 1372 1388 1398 1405 1395 1380 1389 1366 1330 1308 1308 1318
1295 1294 1296 1291 1293 1296 1290 1291 1294 1292 1291 1296 1290 1284 1286 1292 1297 1296 1297 1295 1300 1301 1301 1304 1311 1312 1313 1309 1311 1312 1312 1312 1316 1322 1320 1317 1317 1323 1328 1326 1323 1327 1329 1331 1335 1337 1334 1335 1337 1341 1347 1346 1346 1345 1341 1344 1351 1354 1357 1367 1376 1376 1367 1366 1363 1355 1353 1354 1365 1375 1384 1387 1400 1413 1411 1404 1400 1387 1339 1316 1310 1310
1299 1299 1296 1297 1298 1295 1293 1296 1292 1294 1293 1295 1288 1286 1286 1292 1293 1295 1293 1296 1297 1299 1300 1304 1308 1309 1309 1310 1307 1309 1311 1311 1317 1317 1317 1314 1322 1321 1324 1324 1322 1323 1329 1331 1330 1334 1335 1339 1339 1342 1339 1344 1342 1346 1347 1345 1328 1339 1362 1367 1369 1370 1367 1352 1350 1339 1341 1342 1351 1375 1389 1392 1403 1409 1414 1407 1396 1391 1347 1319 1314 1309
1302 1297 1301 1298 1301 1296 1299 1297 1294 1300 1300 1292 1293 1288 1295 1294 1298 1297 1296 1297 1298 1298 1298 1301 1305 1305 1306 1308 1304 1305 1311 1311 1316 1317 1314 1314 1320 1324 1323 1323 1322 1323 1324 1321 1330 1335 1335 1340 1341 1340 1338 1343 1342 1344 1348 1345 1341 1334 1355 1360 1362 1368 1367 1364 1355 1342 1339 1342 1352 1370 1382 1392 1400 1406 1413 1408 1397 1385 1351 1329 1319 1318
1301 1302 1302 1303 1300 1301 1300 1298 1299 1302 1296 1297 1293 1292 1295 1296 1297 1303 1301 1301 1294 1294 1295 1298 1301 1302 1302 1305 1303 1307 1308 1309 1311 1318 1313 1315 1318 1324 1327 1328 1323 1317 1312 1319 1327 1332 1326 1337 1339 1338 1341 1340 1344 1341 1346 1343 1352 1341 1351 1355 1364 1365 1362 1364 1361 1344 1337 1344 1356 1372 1384 1389 1400 1406 1413 1406 1397 1387 1360 1344 1332 1326
1297 1300 1300 1300 1295 1299 1299 1298 1298 1300 1299 1300 1298 1297 1299 1300 1298 1304 1305 1301 1298 1300 1297 1298 1301 1302 1301 1303 1305 1303 1308 1305 1312 1312 1313 1317 1324 1322 1328 1328 1324 1315 1307 1309 1327 1325 1329 1333 1338 1333 1336 1340 1342 1342 1349 1343 1341 1341 1347 1354 1361 1363 1361 1358 1356 1342 1342 1350 1360 1374 1378 1389 1391 1404 1407 1396 1395 1380 1362 1349 1334 1329
1293 1296 1299 1296 1294 1292 1298 1298 1295 1300 1300 1298 1299 1301 1299 1300 1303 1304 1304 1304 1304 1301 1298 1302 1301 1297 1300 1300 1305 1303 1304 1306 1310 1308 1314 1317 1318 1320 1326 1325 1319 1310 1305 1310 1317 1324 1329 1331 1333 1337 1331 1338 1343 1340 1346 1346 1348 1344 1343 1351 1362 1359 1363 1358 1350 1333 1346 1359 1368 1372 1377 1381 1386 1395 1396 1400 1399 1377 1356 1345 1336 1322
1291 1294 1296 1296 1293 1294 1298 1299 1294 1297 1297 1298 1298 1298 1299 1299 1299 1300 1300 1304 1302 1301 1300 1304 1302 1303 1303 1303 1301 1300 1302 1302 1306 1308 1313 1314 1318 1323 1320 1321 1316 1311 1313 1318 1319 1325 1328 1333 1333 1335 1337 1336 1337 1337 1343 1344 1350 1349 1354 1354 1358 1361 1358 1357 1348 1340 1347 1356 1360 1367 1369 1374 1377 1381 1394 1401 1404 1373 1343 1337 1330 1314
1293 1290 1293 1295 1290 1295 1297 1297 1296 1296 1294 1299 1294 1298 1306 1302 1301 1301 1298 1301 1304 1306 1300 1302 1304 1301 1308 1307 1308 1307 1307 1306 1303 1309 1313 1314 1314 1315 1316 1316 1319 1314 1314 1320 1322 1330 1327 1326 1330 1332 1335 1336 1337 1337 1342 1347 1342 1348 1352 1350 1353 1354 1351 1355 1356 1353 1350 1358 1354 1356 1368 1380 1382 1388 1393 1395 1391 1371 1341 1322 1311 1302
1291 1292 1290 1290 1289 1293 1294 1293 1296 1295 1296 1295 1297 1298 1305 1301 1298 1301 1303 1303 1298 1304 1305 1300 1300 1298 1301 1303 1306 1307 1308 1307 1305 1311 1308 1310 1313 1309 1305 1315 1323 1325 1323 1319 1324 1333 1328 1326 1332 1331 1331 1334 1339 1337 1336 1343 1341 1343 1349 1354 1351 1351 1343 1344 1351 1341 1346 1351 1347 1360 1369 1377 1384 1394 1398 1395 1371 1354 1342 1317 1304 1288
1289 1290 1291 1292 1291 1290 1290 1290 1290 1290 1294 1294 1296 1297 1300 1302 1302 1297 1300 1300 1302 1298 1303 1299 1300 1303 1303 1302 1303 1305 1306 1312 1306 1307 1311 1316 1319 1318 1310 1313 1323 1325 1324 1319 1326 1333 1329 1327 1336 1334 1331 1330 1340 1341 1338 1341 1340 1347 1349 1355 1349 1349 1352 1339 1338 1320 1325 1331 1336 1357 1374 1378 1381 1386 1394 1397 1384 1377 1334 1311 1299 1280
1292 1296 1296 1293 1294 1293 1290 1291 1291 1290 1296 1296 1291 1294 1296 1300 1301 1299 1300 1299 1299 1300 1301 1299 1305 1306 1305 1307 1309 1308 1306 1305 1307 1303 1312 1314 1313 1315 1317 1314 1322 1327 1319 1325 1327 1333 1329 1334 1339 1330 1332 1332 1339 1339 1338 1336 1336 1344 1347 1352 1351 1345 1348 1339 1324 1313 1314 1321 1334 1355 1371 1381 1378 1382 1391 1386 1370 1367 1327 1298 1290 1276
1295 1300 1297 1297 1294 1293 1289 1292 1297 1296 1297 1293 1293 1294 1300 1300 1300 1302 1305 1302 1302 1305 1303 1303 1310 1309 1307 1308 1312 1310 1310 1312 1306 1303 1307 1307 1314 1314 1315 1316 1319 1324 1323 1323 1331 1329 1327 1328 1330 1329 1328 1329 1336 1337 1337 1335 1334 1337 1343 1346 1342 1337 1329 1326 1312 1306 1314 1324 1340 1363 1373 1370 1357 1354 1357 1373 1363 1351 1313 1285 1279 1272
1298 1297 1294 1293 1294 1297 1297 1298 1297 1298 1294 1294 1296 1297 1304 1305 1300 1306 1306 1304 1306 1308 1308 1308 1311 1309 1309 1311 1314 1313 1313 1310 1309 1307 1306 1310 1314 1312 1315 1313 1316 1322 1319 1322 1325 1325 1325 1323 1327 1331 1323 1327 1334 1341 1342 1340 1330 1331 1338 1330 1316 1313 1310 1308 1304 1284 1291 1306 1321 1346 1360 1352 1333 1329 1327 1341 1343 1314 1289 1272 1276 1280
1295 1293 1299 1299 1294 1300 1302 1301 1299 1294 1299 1300 1299 1299 1306 1301 1299 1305 1307 1310 1307 1309 1310 1309 1311 1312 1307 1306 1307 1307 1306 1310 1311 1311 1307 1310 1311 1309 1313 1318 1315 1319 1317 1320 1321 1322 1318 1318 1325 1325 1320 1316 1330 1333 1333 1325 1306 1296 1305 1307 1311 1313 1303 1298 1294 1273 1284 1299 1300 1315 1329 1345 1339 1330 1331 1327 1320 1287 1277 1280 1281 1288
1290 1295 1300 1296 1300 1301 1298 1291 1290 1292 1293 1301 1303 1304 1305 1304 1306 1310 1308 1305 1303 1307 1307 1306 1305 1307 1302 1302 1301 1300 1294 1302 1303 1311 1311 1309 1309 1312 1313 1314 1313 1314 1312 1311 1314 1315 1310 1313 1315 1304 1295 1288 1294 1306 1309 1298 1280 1275 1283 1298 1309 1310 1290 1286 1287 1267 1275 1275 1270 1289 1310 1323 1317 1300 1302 1319 1299 1269 1276 1281 1281 1283
1294 1300 1301 1300 1302 1298 1292 1295 1299 1299 1302 1303 1300 1301 1299 1300 1300 1306 1306 1306 1305 1304 1302 1303 1300 1293 1296 1301 1297 1296 1285 1287 1293 1303 1308 1313 1316 1317 1319 1317 1320 1317 1316 1315 1310 1312 1303 1292 1289 1288 1282 1278 1283 1287 1282 1285 1271 1271 1272 1282 1294 1291 1279 1278 1273 1265 1266 1255 1256 1258 1275 1286 1282 1268 1270 1277 1277 1260 1272 1280 1279 1279
1302 1302 1301 1303 1304 1300 1296 1302 1309 1306 1307 1304 1299 1299 1300 1300 1299 1301 1304 1305 1307 1307 1307 1307 1300 1297 1296 1298 1299 1297 1289 1287 1287 1301 1313 1318 1320 1320 1321 1320 1323 1321 1323 1316 1308 1316 1303 1292 1286 1289 1296 1289 1276 1279 1272 1271 1276 1293 1293 1291 1290 1289 1290 1290 1287 1265 1257 1252 1257 1250 1261 1256 1260 1260 1263 1261 1263 1255 1268 1275 1277 1276
1302 1300 1302 1302 1300 1300 1300 1305 1306 1304 1301 1302 1304 1302 1297 1301 1298 1298 1300 1304 1304 1305 1307 1309 1304 1302 1300 1301 1299 1299 1298 1291 1287 1302 1314 1320 1319 1319 1320 1326 1326 1325 1323 1322 1313 1317 1308 1301 1298 1295 1301 1292 1285 1284 1284 1284 1284 1297 1301 1307 1308 1305 1305 1299 1298 1277 1266 1267 1262 1253 1256 1262 1265 1267 1269 1264 1259 1255 1268 1273 1276 1278
