bio12.asc
ncols         536
nrows         773
xllcorner     -3.262084961
yllcorner     4.7407226560001
cellsize      0.0083253775074627
NODATA_value  -9999
[rows 74 to 110 of 773, columns 246 to 327 of 536]
996 997 994 992 992 990 989 990 991 992 995 995 995 993 991 990 988 989 991 994 992 991 989 989 987 987 990 992 990 995 993 994 989 988 992 998 999 1002 1000 1003 999 996 996 993 998 1006 1006 1006 1009 1012 1013 1011 1010 1008 1007 1004 1004 1003 1001 997 999 998 998 1010 1006 997 996 994 992 997 990 991 992 991 989 990 991 992 993 997 1015 1026
997 994 994 994 990 992 992 990 990 992 994 996 992 993 992 993 991 987 989 994 994 989 989 990 987 987 988 988 990 992 991 995 994 990 990 996 999 997 997 1000 998 994 994 996 1007 1009 1009 1013 1010 1010 1011 1009 1007 1005 1005 1003 1001 999 999 999 998 996 1002 1010 1005 996 993 995 1001 1030 999 1008 1014 1004 992 992 993 1008 1030 1028 1039 1045
995 994 992 993 993 995 994 992 990 993 994 995 994 993 994 995 992 990 990 994 995 993 988 989 987 987 988 989 990 989 988 992 992 991 991 995 996 1002 998 997 997 995 996 1004 1009 1007 1010 1008 1009 1008 1008 1007 1008 1005 1004 1004 1002 1001 999 998 997 997 996 997 996 995 995 998 1016 1027 1032 1045 1054 1036 1028 1024 1024 1027 1050 1045 1045 1044
998 997 997 999 998 993 992 990 989 991 993 992 993 992 994 992 992 991 994 995 994 993 985 987 986 988 988 990 990 989 989 990 989 991 989 991 994 1002 1002 995 995 995 1003 1003 1007 1012 1011 1009 1008 1008 1006 1005 1006 1005 1004 1003 1002 999 999 998 998 998 994 995 994 997 998 999 1013 1007 1013 1043 1054 1063 1065 1059 1055 1052 1051 1047 1045 1045
1000 1000 999 999 994 992 991 991 991 992 989 992 992 992 991 991 988 990 997 994 992 990 989 988 991 993 994 1001 1003 1005 1005 1002 995 993 993 991 992 999 997 993 996 997 999 1002 1011 1009 1010 1010 1008 1008 1006 1006 1006 1006 1004 1002 1003 1005 1002 1001 1001 998 1000 1001 999 1002 1003 1006 1007 1010 1036 1049 1048 1054 1054 1054 1054 1053 1058 1056 1045 1043
998 998 997 995 995 994 993 996 996 995 992 992 993 993 992 991 988 989 991 990 990 988 989 992 995 995 995 1001 1013 1015 1011 1006 1003 1003 1001 997 994 996 998 1003 1007 1008 1009 1008 1009 1009 1010 1010 1017 1008 1009 1009 1010 1010 1009 1007 1005 1007 1006 1005 1004 1007 1011 1010 1005 1007 1009 1008 1007 1021 1038 1049 1050 1049 1053 1059 1056 1057 1056 1053 1052 1046
999 997 999 997 996 997 996 998 999 998 996 995 993 991 991 991 988 987 990 989 988 990 991 994 998 997 996 1003 1011 1014 1011 1007 1008 1003 999 996 998 997 1004 1011 1008 1010 1010 1012 1011 1012 1016 1014 1013 1012 1011 1012 1015 1015 1013 1011 1010 1013 1012 1009 1006 1007 1008 1009 1008 1008 1009 1010 1015 1031 1043 1043 1051 1047 1052 1057 1054 1065 1067 1068 1060 1045
1000 998 996 999 999 1001 999 1003 1000 1000 1001 998 995 993 993 995 990 988 989 989 989 991 994 996 1001 1000 998 1003 1007 1013 1007 1006 1003 1002 997 997 997 1002 1007 1008 1006 1009 1014 1013 1017 1017 1021 1015 1013 1013 1013 1012 1013 1013 1014 1014 1014 1015 1012 1012 1008 1007 1012 1011 1011 1011 1013 1013 1029 1050 1041 1043 1050 1046 1051 1051 1047 1053 1057 1062 1058 1047
1001 998 997 998 999 999 999 1002 999 1004 1000 997 996 995 995 996 992 993 990 990 993 994 997 1002 1003 1002 1002 1002 1006 1013 1006 1007 1003 998 998 997 999 1002 1006 1004 1007 1012 1014 1013 1014 1015 1018 1013 1013 1013 1012 1012 1012 1012 1013 1015 1014 1016 1014 1012 1010 1009 1012 1014 1014 1014 1017 1030 1042 1047 1042 1043 1050 1049 1048 1049 1046 1046 1047 1052 1050 1043
1003 1003 1000 996 997 996 997 998 999 998 999 999 996 995 995 995 992 994 993 993 995 998 999 1001 1002 1002 1004 1006 1007 1007 1007 1005 1004 998 998 997 998 1002 1004 1003 1009 1010 1015 1013 1013 1016 1017 1013 1014 1012 1012 1010 1010 1011 1012 1014 1016 1015 1015 1013 1013 1010 1011 1014 1015 1015 1030 1041 1044 1047 1045 1045 1048 1049 1049 1051 1044 1042 1047 1049 1045 1045
1002 1004 1000 996 995 996 995 996 998 997 996 998 996 997 996 997 993 992 991 993 997 996 997 1000 1000 1000 1003 1006 1008 1007 1005 1003 1003 1001 998 999 1000 999 1002 1006 1009 1012 1016 1014 1013 1014 1015 1015 1015 1016 1018 1013 1012 1012 1013 1014 1015 1012 1013 1013 1015 1013 1014 1015 1016 1029 1041 1042 1043 1045 1042 1046 1046 1052 1049 1049 1042 1040 1044 1048 1043 1048
1002 1002 1000 999 997 995 996 996 997 997 996 995 996 998 997 997 991 991 993 996 997 997 998 997 998 999 1000 1002 1007 1007 1007 1006 1004 1004 1001 1002 1004 1004 1005 1010 1009 1012 1015 1014 1013 1014 1014 1014 1014 1015 1015 1013 1012 1014 1016 1015 1015 1014 1013 1013 1014 1017 1018 1022 1027 1038 1042 1042 1041 1043 1040 1042 1048 1048 1047 1046 1041 1038 1039 1040 1042 1047
1001 1000 998 998 997 995 996 995 995 998 996 996 996 998 996 995 994 992 993 996 997 997 997 998 998 1000 1001 1001 1003 1007 1010 1010 1009 1006 1007 1006 1007 1007 1010 1014 1012 1009 1010 1012 1013 1012 1012 1012 1012 1014 1013 1013 1015 1014 1015 1015 1015 1013 1014 1017 1017 1021 1025 1038 1034 1039 1040 1038 1040 1042 1040 1043 1044 1043 1047 1047 1044 1038 1038 1038 1040 1041
1001 1000 997 998 997 997 997 996 996 999 997 997 996 1001 999 997 993 993 995 997 998 998 998 998 1002 1001 1003 1004 1005 1008 1009 1010 1011 1011 1007 1010 1010 1010 1012 1016 1013 1009 1010 1009 1010 1010 1011 1012 1012 1013 1013 1015 1016 1020 1017 1016 1015 1014 1015 1017 1020 1024 1026 1032 1032 1034 1039 1035 1044 1044 1037 1042 1042 1041 1046 1047 1044 1042 1039 1036 1036 1039
999 1000 1000 999 998 997 997 997 997 998 998 997 997 999 999 996 994 994 996 996 996 1000 1000 999 1001 1001 1005 1007 1005 1004 1005 1008 1009 1011 1011 1011 1012 1012 1010 1013 1011 1010 1010 1009 1011 1011 1013 1014 1016 1016 1015 1019 1022 1026 1022 1019 1018 1016 1016 1020 1022 1022 1030 1032 1025 1038 1038 1033 1044 1045 1038 1040 1039 1041 1044 1044 1046 1045 1042 1041 1034 1034
998 998 999 998 998 996 998 996 998 998 999 999 999 1000 1000 996 994 992 994 997 998 998 1002 1002 1004 1006 1006 1005 1006 1006 1005 1004 1006 1009 1011 1012 1011 1010 1008 1009 1009 1011 1012 1013 1013 1016 1016 1016 1018 1017 1018 1022 1024 1024 1024 1020 1015 1014 1017 1019 1023 1022 1032 1027 1027 1037 1032 1036 1043 1044 1040 1039 1039 1041 1044 1042 1042 1044 1041 1041 1036 1034
999 998 999 998 998 998 997 997 997 999 1000 1000 1000 999 1000 1001 995 993 995 995 997 999 1000 1000 1004 1006 1007 1007 1006 1007 1005 1006 1007 1008 1008 1009 1008 1009 1009 1010 1011 1013 1014 1018 1017 1020 1019 1022 1020 1021 1023 1021 1024 1022 1023 1019 1017 1017 1018 1020 1020 1020 1028 1023 1029 1041 1033 1035 1041 1041 1041 1038 1037 1040 1040 1041 1043 1043 1040 1041 1038 1036
997 998 996 997 999 999 999 998 997 997 1003 1002 1001 1000 1000 1000 996 992 994 996 999 1000 1003 1003 1004 1007 1006 1007 1009 1009 1009 1010 1009 1010 1010 1010 1009 1010 1010 1012 1012 1014 1016 1019 1021 1022 1022 1025 1025 1025 1022 1021 1023 1021 1021 1017 1016 1017 1020 1023 1019 1024 1024 1026 1035 1040 1034 1034 1041 1043 1038 1036 1034 1039 1039 1040 1042 1044 1040 1039 1038 1035
998 999 998 998 999 1000 998 998 999 999 1001 1002 1001 999 998 1000 996 995 996 997 1000 1001 1001 1003 1005 1006 1008 1006 1008 1009 1010 1010 1011 1010 1011 1011 1011 1012 1014 1016 1016 1017 1019 1023 1026 1027 1024 1023 1021 1021 1021 1020 1022 1019 1020 1017 1016 1017 1023 1023 1019 1023 1024 1027 1032 1037 1037 1034 1041 1042 1038 1034 1033 1038 1035 1036 1041 1043 1041 1040 1040 1035
998 998 998 999 998 999 999 1000 999 999 1000 1001 1000 998 998 998 996 999 998 998 1000 1000 1003 1003 1003 1006 1005 1006 1008 1008 1010 1012 1013 1012 1013 1012 1013 1015 1017 1017 1018 1022 1026 1029 1026 1024 1023 1022 1023 1019 1020 1019 1019 1021 1020 1017 1015 1017 1021 1020 1019 1022 1025 1029 1034 1034 1032 1035 1040 1041 1037 1033 1033 1034 1032 1036 1041 1042 1040 1040 1039 1036
1000 1000 998 998 998 1002 1001 1000 999 998 1000 1002 1002 1001 1000 999 997 997 998 1000 1001 1002 1004 1004 1006 1007 1008 1009 1009 1009 1010 1011 1010 1011 1013 1011 1014 1017 1020 1020 1023 1024 1027 1029 1027 1025 1024 1024 1024 1023 1020 1018 1018 1022 1022 1018 1016 1020 1023 1022 1020 1022 1022 1026 1030 1030 1032 1034 1038 1039 1038 1036 1033 1031 1032 1036 1038 1039 1038 1038 1038 1035
1002 1002 1002 1000 1000 999 1000 1001 1002 1002 1000 1000 1000 999 998 998 998 999 997 998 1001 1003 1006 1006 1006 1007 1007 1010 1011 1011 1010 1012 1012 1011 1012 1013 1016 1017 1021 1023 1025 1025 1025 1030 1033 1033 1031 1031 1029 1024 1024 1022 1021 1023 1022 1018 1019 1022 1022 1019 1023 1023 1028 1030 1028 1030 1034 1035 1037 1036 1036 1038 1036 1033 1032 1035 1038 1040 1037 1037 1035 1034
1002 1001 1001 1001 1000 999 999 999 998 1000 1002 1001 1000 1001 1000 998 995 998 998 1000 1001 1002 1006 1007 1008 1007 1009 1011 1011 1012 1010 1012 1014 1010 1014 1015 1016 1016 1019 1022 1022 1021 1025 1029 1032 1035 1034 1032 1031 1026 1024 1021 1021 1020 1021 1021 1020 1020 1020 1019 1022 1024 1028 1028 1029 1035 1037 1036 1033 1035 1037 1039 1040 1035 1029 1034 1035 1039 1038 1035 1033 1036
1002 1001 1003 1003 1000 999 999 998 998 999 999 999 999 1002 1002 1000 997 995 996 998 998 1004 1007 1008 1008 1009 1008 1008 1010 1009 1010 1011 1013 1011 1015 1015 1017 1019 1018 1021 1019 1021 1026 1029 1024 1030 1034 1030 1030 1028 1025 1023 1022 1020 1021 1019 1018 1021 1021 1021 1021 1025 1027 1027 1032 1038 1037 1035 1033 1035 1039 1039 1038 1035 1035 1034 1035 1036 1038 1033 1032 1034
1001 1000 1003 1002 1002 1000 999 999 1000 999 1000 1000 1000 999 999 1000 997 997 1001 1003 1003 1006 1007 1008 1009 1009 1007 1007 1009 1009 1010 1013 1012 1013 1014 1015 1017 1017 1017 1017 1018 1020 1025 1025 1022 1032 1038 1036 1033 1031 1029 1024 1023 1021 1020 1020 1018 1021 1021 1021 1022 1026 1026 1029 1032 1035 1034 1033 1032 1034 1037 1037 1036 1037 1034 1032 1033 1037 1039 1034 1032 1031
1002 1002 1002 1002 1002 1001 1001 1000 1002 998 1000 1000 999 999 999 998 996 999 1004 1005 1006 1008 1009 1007 1010 1008 1008 1008 1011 1010 1011 1013 1011 1013 1014 1016 1017 1017 1017 1017 1018 1021 1023 1021 1025 1031 1036 1038 1036 1035 1030 1026 1022 1021 1018 1020 1019 1018 1018 1020 1022 1024 1025 1028 1030 1030 1029 1030 1031 1038 1037 1035 1035 1036 1033 1032 1033 1037 1037 1035 1035 1030
1005 1005 1005 1004 1004 1003 1002 999 999 999 999 998 998 998 998 996 997 1000 1005 1007 1007 1007 1009 1009 1010 1009 1008 1008 1009 1010 1010 1012 1013 1012 1013 1015 1016 1015 1018 1016 1017 1017 1020 1020 1025 1028 1034 1037 1041 1036 1032 1028 1022 1022 1024 1021 1016 1015 1018 1020 1022 1026 1024 1026 1027 1028 1028 1028 1032 1037 1037 1035 1034 1033 1032 1033 1033 1037 1039 1037 1039 1033
1004 1005 1006 1005 1005 1005 1006 1005 1004 1001 999 997 1000 999 999 996 997 1001 1004 1005 1007 1008 1009 1008 1010 1010 1011 1010 1009 1011 1012 1013 1014 1015 1014 1015 1015 1016 1015 1015 1015 1017 1021 1022 1024 1027 1031 1034 1038 1040 1034 1028 1023 1024 1027 1024 1019 1017 1017 1020 1023 1025 1026 1025 1028 1028 1027 1030 1032 1034 1038 1036 1033 1031 1032 1032 1034 1038 1040 1037 1035 1036
1006 1005 1004 1006 1008 1008 1006 1006 1007 1003 1003 1001 999 999 997 996 996 1000 1003 1003 1006 1007 1009 1008 1010 1010 1010 1011 1009 1011 1009 1012 1014 1013 1015 1015 1015 1012 1013 1012 1012 1017 1021 1026 1023 1024 1027 1030 1034 1037 1035 1029 1023 1024 1027 1025 1023 1018 1017 1018 1022 1023 1025 1024 1027 1028 1027 1028 1029 1030 1036 1032 1031 1029 1031 1032 1037 1038 1039 1037 1033 1032
1004 1004 1004 1004 1005 1002 1003 1001 1001 1002 1000 1001 998 997 998 999 998 1000 999 1001 1000 1002 1006 1008 1009 1013 1012 1013 1013 1014 1014 1012 1014 1014 1015 1016 1016 1016 1014 1013 1017 1019 1021 1025 1024 1022 1026 1028 1030 1035 1034 1028 1024 1024 1028 1029 1024 1017 1017 1017 1020 1021 1023 1022 1025 1024 1025 1028 1030 1030 1033 1031 1030 1029 1030 1032 1036 1036 1038 1040 1036 1029
1002 1004 1004 1004 1005 1003 1001 997 999 998 999 1001 1001 1002 1003 1002 1002 1003 1001 1000 1001 1001 1003 1009 1009 1011 1012 1013 1013 1011 1011 1014 1015 1015 1016 1016 1016 1016 1014 1014 1017 1020 1022 1021 1022 1024 1026 1026 1029 1031 1032 1029 1024 1024 1024 1026 1025 1021 1018 1018 1020 1021 1020 1023 1024 1025 1023 1024 1028 1030 1031 1030 1033 1029 1030 1036 1035 1036 1040 1043 1037 1033
999 1003 1004 1006 1004 1000 1000 999 999 998 1000 1002 1002 1002 1006 1004 1004 1005 1001 1000 1002 1002 1002 1004 1009 1013 1014 1014 1012 1014 1012 1014 1016 1017 1016 1017 1016 1018 1018 1017 1017 1020 1022 1024 1023 1023 1024 1025 1028 1027 1028 1026 1023 1022 1023 1025 1026 1023 1019 1018 1019 1020 1025 1025 1025 1027 1023 1022 1028 1030 1031 1029 1030 1029 1034 1035 1032 1036 1039 1044 1038 1035
997 1002 1003 1002 1002 999 1000 1000 999 1000 999 1000 1001 1004 1005 1007 1006 1005 1004 1004 1002 1002 1000 1003 1004 1009 1012 1012 1012 1013 1011 1013 1014 1016 1016 1016 1017 1017 1018 1021 1021 1020 1022 1023 1021 1022 1024 1023 1026 1024 1025 1024 1024 1023 1024 1024 1025 1026 1021 1020 1020 1020 1024 1025 1026 1026 1023 1024 1028 1030 1031 1028 1030 1034 1033 1032 1034 1035 1038 1040 1043 1037
996 997 1000 1001 998 1000 998 999 998 1000 1001 1004 1006 1004 1007 1008 1010 1006 1006 1005 1003 1002 1003 1005 1004 1008 1010 1011 1011 1011 1011 1010 1014 1014 1016 1017 1019 1018 1019 1023 1023 1021 1020 1020 1019 1021 1023 1022 1021 1021 1021 1023 1024 1023 1024 1024 1025 1026 1024 1022 1022 1021 1022 1022 1026 1026 1024 1025 1026 1029 1033 1029 1030 1033 1030 1032 1034 1038 1042 1041 1040 1039
999 999 1001 1000 1000 998 999 1001 1000 1001 1004 1004 1007 1008 1011 1012 1010 1008 1008 1003 1004 1003 1003 1006 1007 1005 1007 1009 1008 1011 1011 1012 1014 1017 1016 1020 1020 1021 1023 1023 1022 1022 1021 1022 1022 1022 1020 1019 1019 1019 1018 1020 1020 1021 1024 1026 1025 1025 1023 1023 1020 1022 1022 1022 1024 1026 1027 1027 1026 1028 1029 1029 1032 1030 1029 1033 1035 1040 1039 1039 1039 1038
1001 1000 1002 1001 1000 1002 1001 1002 1003 1004 1006 1007 1007 1008 1010 1010 1012 1012 1011 1009 1007 1007 1005 1003 1003 1005 1003 1006 1007 1009 1011 1013 1014 1014 1015 1018 1018 1020 1021 1023 1024 1023 1023 1024 1025 1022 1024 1024 1021 1020 1020 1020 1021 1021 1024 1025 1024 1022 1022 1020 1021 1024 1023 1025 1027 1026 1026 1026 1025 1027 1030 1031 1030 1030 1031 1031 1037 1037 1035 1035 1036 1038
1002 1003 1003 1005 1004 1004 1006 1006 1005 1003 1007 1009 1011 1010 1011 1012 1012 1013 1015 1012 1013 1012 1009 1004 1001 1001 1002 1007 1008 1012 1013 1014 1015 1017 1018 1017 1018 1020 1022 1023 1023 1024 1025 1026 1026 1024 1025 1024 1025 1024 1021 1022 1020 1024 1026 1024 1022 1022 1021 1022 1023 1025 1025 1026 1027 1028 1026 1025 1026 1028 1031 1033 1033 1030 1030 1032 1037 1038 1035 1034 1034 1039
