bio1.asc
ncols         536
nrows         773
xllcorner     -3.262084961
yllcorner     4.7407226560001
cellsize      0.0083253775074627
NODATA_value  -9999
[rows 690 to 719 of 773, columns 67 to 133 of 536]
26.83333 26.9125 26.95417 26.825 26.75 26.72083 26.63333 26.64583 26.68333 26.7375 26.75833 26.8125 26.79167 26.72083 26.68333 26.65417 26.67083 26.69167 26.6125 26.62917 26.6125 26.51667 26.51667 26.47083 26.42083 26.34583 26.38333 26.31667 26.35417 26.32083 26.2875 26.275 26.26667 26.2625 26.27083 26.28333 26.35833 26.4 26.37917 26.35 26.29583 26.27917 26.3375 26.30833 26.3 26.29583 26.3375 26.40417 26.39583 26.29583 26.29167 26.2375 26.41667 26.4375 26.3625 26.23333 26.09583 26.1 26.14167 26.21667 26.34583 26.34167 26.425 26.49583 26.53333 26.5375 26.59167
26.82083 26.86667 26.95417 26.93333 26.88333 26.725 26.6125 26.55417 26.64583 26.73333 26.79583 26.8125 26.80833 26.775 26.7625 26.71667 26.7 26.69167 26.6625 26.675 26.6 26.60833 26.52083 26.50417 26.40833 26.325 26.34167 26.3 26.27917 26.2875 26.3 26.30417 26.2625 26.30833 26.30833 26.25417 26.27917 26.32917 26.4125 26.4 26.4125 26.40417 26.42083 26.25833 26.275 26.1875 26.30833 26.325 26.21667 26.25 26.32917 26.4 26.40833 26.41667 26.18333 26.14583 26.05833 26.20833 26.2 26.25417 26.32917 26.4625 26.43333 26.42917 26.42917 26.45 26.57083
26.82083 26.85 26.9 26.95 26.8875 26.70417 26.6375 26.7 26.61667 26.67083 26.8 26.82083 26.81667 26.81667 26.8125 26.75 26.7375 26.70417 26.625 26.575 26.525 26.50833 26.50833 26.4125 26.41667 26.39167 26.32083 26.3 26.3 26.31667 26.325 26.33333 26.325 26.3625 26.35 26.2875 26.2875 26.25 26.32083 26.37083 26.39583 26.47083 26.45 26.225 26.17917 26.18333 26.2625 26.25417 26.22917 26.225 26.23333 26.27917 26.36667 26.40417 26.30833 26.20417 26.16667 26.27917 26.22917 26.3 26.37917 26.47083 26.51667 26.40833 26.35417 26.4375 26.43333
26.70417 26.82083 26.90833 26.9125 26.90833 26.89167 26.7 26.69167 26.7375 26.79167 26.8125 26.77083 26.66667 26.7375 26.70417 26.69167 26.70417 26.69583 26.68333 26.60833 26.54167 26.53333 26.39583 26.39167 26.3875 26.34167 26.37917 26.30417 26.30833 26.31667 26.3125 26.35 26.31667 26.3625 26.34583 26.35417 26.32083 26.25 26.24583 26.27083 26.37917 26.47917 26.4375 26.25833 26.1375 26.17917 26.10833 26.21667 26.3 26.35833 26.32917 26.37917 26.42917 26.49583 26.4125 26.3125 26.33333 26.31667 26.26667 26.2875 26.47083 26.52917 26.45 26.425 26.35417 26.3125 25.875
26.25417 26.72083 26.92083 26.9125 26.9125 26.78333 26.71667 26.7 26.84583 26.80417 26.76667 26.66667 26.56667 26.6625 26.6625 26.63333 26.6625 26.65417 26.57083 26.625 26.575 26.50417 26.42083 26.44167 26.3875 26.3625 26.32917 26.34583 26.33333 26.34167 26.325 26.35833 26.31667 26.32917 26.3875 26.3875 26.33333 26.29167 26.32917 26.3125 26.38333 26.3875 26.44167 26.19583 26.00417 26.09583 26.26667 26.325 26.3625 26.36667 26.3375 26.31667 26.39583 26.4125 26.48333 26.47917 26.25 26.35417 26.26667 26.39167 26.50417 26.52083 26.425 26.36667 26.35417 26.12917 25.92083
26.2625 26.66667 26.97917 26.8125 26.7125 26.80833 26.8125 26.84583 26.8625 26.80417 26.76667 26.56667 26.5125 26.59583 26.62083 26.59583 26.55 26.55417 26.52083 26.50833 26.51667 26.46667 26.4625 26.39583 26.4125 26.39583 26.34167 26.325 26.28333 26.33333 26.37917 26.39583 26.30833 26.32083 26.39167 26.3375 26.39167 26.31667 26.31667 26.3875 26.42083 26.38333 26.4125 26.31667 26.09583 26.22083 26.3125 26.30833 26.275 26.22917 26.2 26.2875 26.28333 26.22917 26.35833 26.32083 26.4125 26.34583 26.35833 26.48333 26.525 26.48333 26.45 26.425 26.325 25.94583 25.87917
26.2625 26.77083 26.90417 26.79167 26.7125 26.875 26.90417 26.90417 26.8625 26.775 26.65833 26.575 26.51667 26.60417 26.58333 26.55833 26.58333 26.59167 26.5875 26.52917 26.48333 26.5125 26.50833 26.45 26.46667 26.40833 26.37917 26.325 26.27083 26.275 26.3125 26.35417 26.37917 26.37917 26.38333 26.40417 26.42083 26.44583 26.45417 26.47083 26.50417 26.44583 26.4125 26.44167 26.20417 26.22083 26.14583 26.15 26.14167 26.21667 26.07083 26.0375 26.04583 26.125 26.20417 26.0625 26.44167 26.36667 26.4375 26.48333 26.47083 26.45 26.45417 26.5 26.30833 25.85 26.32917
26.83333 26.92083 26.89167 26.78333 26.8875 26.9875 26.8125 26.8125 26.80417 26.70417 26.63333 26.54167 26.48333 26.46667 26.52083 26.4625 26.45 26.37917 26.44167 26.3875 26.4125 26.375 26.43333 26.4 26.41667 26.36667 26.31667 26.27083 26.27917 26.27917 26.325 26.32917 26.29167 26.32083 26.35417 26.35417 26.38333 26.3875 26.36667 26.42083 26.48333 26.4125 26.45417 26.4125 26.29583 26.2625 26.02917 26.08333 26.21667 26.24583 26.19583 26.325 26.20833 26.12917 26.22083 26.3875 26.44583 26.47917 26.46667 26.49167 26.46667 26.42083 26.42083 26.44167 26.24583 25.79583 26.38333
26.74583 26.83333 26.86667 26.8375 26.89583 26.91667 26.82917 26.75417 26.67083 26.5875 26.5875 26.52917 26.46667 26.37083 26.4 26.4125 26.45833 26.42917 26.40833 26.32917 26.34583 26.2875 26.34167 26.36667 26.32917 26.32083 26.3 26.22917 26.23333 26.25417 26.26667 26.22917 26.22917 26.32917 26.31667 26.3625 26.3625 26.375 26.33333 26.4 26.4375 26.41667 26.48333 26.48333 26.325 26.20417 26.14167 26.10417 26.25 26.36667 26.37917 26.44583 26.12917 26.15 26.3 26.28333 26.17917 26.47083 26.5125 26.49583 26.40417 26.48333 26.37083 26.3875 26.025 25.85833 26.35
26.78333 26.82917 26.76667 26.90417 26.81667 26.875 26.81667 26.72083 26.54167 26.5375 26.5125 26.50417 26.4875 26.45417 26.4625 26.38333 26.4375 26.45 26.38333 26.35 26.29167 26.275 26.27917 26.36667 26.3375 26.32083 26.3375 26.275 26.25417 26.26667 26.21667 26.2375 26.2625 26.29583 26.2875 26.33333 26.33333 26.31667 26.2625 26.37083 26.30417 26.39583 26.375 26.33333 26.4625 26.35 26.32083 26.25417 26.28333 26.3125 26.34167 26.48333 26.375 26.20833 26.17083 26.27917 26.35833 26.35417 26.475 26.57917 26.5125 26.46667 26.40417 26.3625 26.01667 25.80417 26.4625
26.87917 26.8625 26.86667 26.88333 26.80833 26.82083 26.7875 26.6625 26.6125 26.59167 26.54167 26.46667 26.45417 26.38333 26.4 26.34167 26.38333 26.4125 26.37917 26.325 26.30833 26.29167 26.275 26.35833 26.32917 26.29583 26.275 26.2375 26.21667 26.22917 26.27917 26.34167 26.325 26.27917 26.2625 26.2875 26.3 26.27917 26.1875 26.27917 26.3 26.37083 26.375 26.34583 26.33333 26.35833 26.40833 26.39167 26.41667 26.44583 26.45833 26.45 26.4125 26.525 26.19583 26.2125 26.39167 26.4125 26.53333 26.59583 26.55 26.50833 26.4125 26.36667 26.10417 25.8 26.44583
26.83333 26.84583 26.76667 26.84583 26.75 26.75417 26.67917 26.57083 26.55833 26.53333 26.5125 26.44167 26.42917 26.35417 26.3125 26.30417 26.31667 26.34167 26.30417 26.25417 26.3 26.27083 26.24583 26.25417 26.24583 26.26667 26.3125 26.23333 26.22917 26.24167 26.275 26.30833 26.37083 26.31667 26.2875 26.25833 26.26667 26.27083 26.19167 26.27083 26.1875 26.30833 26.1125 26.2125 26.175 26.37917 26.32917 26.42083 26.325 26.3625 26.33333 26.22917 26.19167 26.55417 26.49583 26.45833 26.425 26.44583 26.51667 26.54167 26.6375 26.59583 26.55 26.1625 26.09583 25.84583 26.47083
26.74583 26.69167 26.66667 26.7625 26.7 26.60833 26.6 26.60417 26.54583 26.42917 26.3625 26.3 26.32917 26.3 26.22917 26.23333 26.2 26.25417 26.22917 26.21667 26.22917 26.23333 26.24167 26.19583 26.19583 26.19167 26.27917 26.27917 26.29583 26.32083 26.2875 26.37083 26.35833 26.34583 26.325 26.30833 26.35833 26.36667 26.29167 26.1625 26.17083 26.06667 26.07083 25.92917 26.1875 26.36667 26.40417 26.38333 26.225 26.1875 26.35 26.2375 26.35417 26.54583 26.53333 26.57917 26.59167 26.6125 26.5625 26.56667 26.65417 26.575 26.37083 25.925 25.92917 26.12083 26.48333
26.54167 26.5125 26.57917 26.65 26.5 26.49167 26.49167 26.54167 26.5 26.47083 26.36667 26.29583 26.29583 26.27083 26.24583 26.2625 26.22917 26.23333 26.20833 26.20833 26.19167 26.17083 26.20833 26.20833 26.1875 26.1625 26.20833 26.225 26.32083 26.325 26.3125 26.35417 26.37083 26.3625 26.32083 26.35417 26.40417 26.39167 26.33333 26.27083 26.17083 26.07083 26.2625 26.22917 26.3375 26.425 26.43333 26.34167 26.2125 26.35 26.37083 26.325 26.42083 26.4875 26.43333 26.49167 26.5625 26.6625 26.67083 26.65833 26.64167 26.55417 26.23333 26.13333 26.0375 25.92083 26.49583
26.5125 26.5375 26.53333 26.59167 26.4125 26.39583 26.475 26.48333 26.48333 26.47083 26.40833 26.35417 26.30417 26.30833 26.29583 26.26667 26.24167 26.2625 26.23333 26.2125 26.19167 26.19583 26.1625 26.16667 26.14583 26.16667 26.2125 26.21667 26.30833 26.3125 26.31667 26.38333 26.43333 26.37917 26.3875 26.3625 26.3875 26.4375 26.40417 26.3 26.29583 26.32083 26.35417 26.4125 26.44167 26.41667 26.3375 26.25 26.23333 26.225 26.14167 26.2625 26.5 26.50833 26.52917 26.525 26.525 26.62917 26.72917 26.68333 26.59583 26.52917 26.31667 26.02083 26.05833 25.89167 26.52917
26.44167 26.5 26.52083 26.5125 26.43333 26.35833 26.43333 26.475 26.43333 26.38333 26.3625 26.29583 26.275 26.25833 26.29167 26.3 26.29167 26.27917 26.23333 26.20417 26.2 26.19583 26.19583 26.17083 26.19583 26.18333 26.19583 26.22083 26.3125 26.32917 26.32917 26.39583 26.41667 26.425 26.42083 26.40417 26.37083 26.45417 26.44583 26.3875 26.32917 26.3625 26.3625 26.35833 26.3875 26.375 26.32083 26.10833 26.1625 26.10833 26.1 26.325 26.45833 26.325 26.32083 26.24583 26.40833 26.57083 26.63333 26.7125 26.65417 26.59167 26.35417 26.30417 26.175 25.82917 26.5625
26.30833 26.35 26.37917 26.39583 26.37917 26.3125 26.35417 26.375 26.3875 26.30833 26.28333 26.2875 26.29167 26.275 26.275 26.29167 26.30417 26.25833 26.21667 26.20833 26.20833 26.2 26.19167 26.17917 26.1875 26.17083 26.19167 26.24583 26.2875 26.30833 26.325 26.35417 26.40417 26.45 26.45833 26.39583 26.4125 26.45833 26.4875 26.38333 26.30833 26.34167 26.33333 26.20833 26.3125 26.22083 26.25833 26.02083 26.10833 26.02917 26.0625 26.18333 26.3125 26.24583 26.34583 26.44167 26.50833 26.575 26.575 26.625 26.69167 26.4625 26.1125 26.52083 26.2375 25.98333 26.64167
26.39167 26.37083 26.34167 26.38333 26.35 26.3375 26.41667 26.4125 26.4125 26.34167 26.30833 26.26667 26.22083 26.2625 26.25 26.275 26.24167 26.28333 26.29167 26.24583 26.20833 26.19167 26.1875 26.1875 26.1875 26.19167 26.2 26.25417 26.27917 26.325 26.34583 26.37917 26.40833 26.42917 26.48333 26.4625 26.46667 26.48333 26.51667 26.39167 26.35417 26.4 26.25417 26.19167 26.29583 26.06667 26.0125 25.99583 26.10417 25.99167 25.99167 26.15 26.30833 26.425 26.36667 26.44583 26.475 26.575 26.65417 26.68333 26.69167 26.42917 26.10417 26.50833 26.42917 25.99167 26.63333
26.35833 26.40833 26.37917 26.3625 26.35417 26.3375 26.44167 26.43333 26.3875 26.34583 26.33333 26.30833 26.29583 26.29583 26.26667 26.22083 26.20833 26.23333 26.24167 26.2375 26.225 26.17917 26.19167 26.2 26.175 26.1625 26.1875 26.2 26.25833 26.35 26.35833 26.40417 26.45 26.45833 26.47917 26.5 26.47917 26.525 26.5 26.40833 26.44583 26.35833 26.3125 26.35833 26.32917 26.25833 26.09583 26.025 26.02083 25.99583 26.06667 26.15 26.39583 26.50833 26.48333 26.55 26.50417 26.55417 26.625 26.7 26.6875 26.47083 26.34583 26.475 26.4625 25.95 26.63333
26.32083 26.34167 26.42083 26.36667 26.4 26.40833 26.39583 26.40833 26.39167 26.32917 26.30417 26.3125 26.3 26.25417 26.26667 26.26667 26.2625 26.20417 26.19583 26.19583 26.2375 26.22083 26.20833 26.19167 26.175 26.12917 26.1375 26.1875 26.27083 26.35 26.37917 26.39583 26.42083 26.44167 26.43333 26.4375 26.47083 26.50417 26.49167 26.45 26.43333 26.40417 26.35417 26.3875 26.30417 26.15833 26.14583 26.15417 26.1625 26.05833 26.14583 26.33333 26.39583 26.47917 26.575 26.57083 26.52917 26.56667 26.59167 26.66667 26.69583 26.58333 26.59167 26.61667 26.67917 26.52917 26.6625
26.32917 26.3 26.41667 26.37917 26.41667 26.4 26.39167 26.42917 26.41667 26.39167 26.34167 26.30833 26.32083 26.34583 26.28333 26.3375 26.2875 26.25 26.18333 26.17917 26.19167 26.20833 26.14583 26.12917 26.12083 26.10833 26.12083 26.1875 26.22917 26.27917 26.32083 26.36667 26.4 26.39167 26.37917 26.37917 26.425 26.45417 26.50417 26.42917 26.475 26.39167 26.375 26.32083 26.29167 26.1875 26.15417 26.19583 26.27083 26.225 26.07917 26.29583 26.36667 26.46667 26.54583 26.56667 26.59167 26.61667 26.65 26.64583 26.675 26.60833 26.65417 26.6625 26.66667 26.34583 26.54167
26.34583 26.33333 26.4375 26.4125 26.45 26.42083 26.4625 26.45 26.425 26.375 26.325 26.33333 26.39167 26.35 26.325 26.34583 26.30833 26.25 26.24583 26.17917 26.13333 26.17083 26.19167 26.14583 26.125 26.09583 26.11667 26.17917 26.14583 26.1875 26.225 26.27083 26.34167 26.35417 26.32083 26.3125 26.44167 26.475 26.475 26.45833 26.475 26.39167 26.35833 26.30833 26.175 26.2 26.18333 26.2625 26.325 26.0875 26.025 26.29583 26.40417 26.49583 26.50417 26.54167 26.60417 26.625 26.625 26.65 26.67917 26.7 26.675 26.68333 26.55 26.075 26.525
26.375 26.3375 26.4125 26.51667 26.52917 26.50417 26.44167 26.41667 26.38333 26.35417 26.38333 26.34583 26.39167 26.3375 26.3375 26.33333 26.27917 26.31667 26.24583 26.21667 26.17083 26.13333 26.12917 26.14583 26.13333 26.12917 26.12917 26.15 26.175 26.2375 26.22083 26.2125 26.3 26.32917 26.30417 26.33333 26.4125 26.44583 26.44167 26.49167 26.525 26.39167 26.25 26.23333 26.1625 26.1375 26.13333 26.26667 26.24167 26.11667 26.075 26.22083 26.34583 26.36667 26.48333 26.425 26.45 26.5375 26.54583 26.5375 26.57917 26.675 26.65833 26.65417 26.55833 26.07083 26.39167
26.40417 26.44583 26.47917 26.55417 26.52083 26.47917 26.42083 26.38333 26.35 26.39583 26.37083 26.38333 26.37083 26.3375 26.30417 26.30417 26.29583 26.27083 26.24583 26.21667 26.2 26.11667 26.125 26.14583 26.17083 26.15833 26.19167 26.19167 26.21667 26.25417 26.27917 26.20417 26.3 26.26667 26.24167 26.20417 26.3 26.32917 26.3375 26.40833 26.44583 26.42083 26.20833 26.1875 26.24167 26.15 26.1625 26.28333 26.27917 26.22083 26.13333 26.25833 26.34167 26.3625 26.35 26.3625 26.44167 26.48333 26.4125 26.4375 26.54167 26.6625 26.61667 26.63333 26.55 26.15833 26.375
26.6 26.5375 26.57917 26.5875 26.575 26.52917 26.44583 26.42083 26.39583 26.44167 26.4375 26.42917 26.35417 26.32083 26.34167 26.3375 26.3125 26.25833 26.22083 26.17917 26.2 26.1625 26.19167 26.25833 26.1875 26.2 26.1875 26.18333 26.24583 26.3 26.29167 26.25 26.3 26.27917 26.3 26.24583 26.22083 26.26667 26.30417 26.325 26.3125 26.44167 26.30833 26.27083 26.27083 26.18333 26.2375 26.28333 26.2875 26.15417 26.25 26.21667 26.25 26.27083 26.27917 26.325 26.3875 26.38333 26.32917 26.47083 26.62083 26.675 26.66667 26.65417 26.49583 25.98333 26.4
26.69167 26.6375 26.61667 26.65833 26.69167 26.6 26.52083 26.475 26.4875 26.49583 26.43333 26.3625 26.375 26.40833 26.37917 26.325 26.27083 26.24167 26.1875 26.15417 26.2 26.20417 26.22083 26.275 26.21667 26.22917 26.17917 26.225 26.3 26.325 26.2875 26.32083 26.325 26.29167 26.29167 26.32917 26.2875 26.2875 26.275 26.30417 26.3625 26.43333 26.27917 26.29583 26.25833 26.20833 26.24167 26.325 26.30417 26.27083 26.26667 26.21667 26.19583 26.24167 26.28333 26.34167 26.4 26.41667 26.4625 26.54167 26.64583 26.60833 26.575 26.6375 26.32917 25.92083 26.39167
26.79167 26.75833 26.75833 26.71667 26.67917 26.575 26.52083 26.54167 26.58333 26.48333 26.34583 26.40833 26.4 26.34167 26.3375 26.3375 26.32083 26.31667 26.19583 26.16667 26.24167 26.28333 26.27083 26.27083 26.26667 26.2375 26.2125 26.225 26.29583 26.33333 26.3625 26.2875 26.38333 26.31667 26.29167 26.375 26.36667 26.36667 26.3 26.27917 26.34583 26.42917 26.38333 26.33333 26.28333 26.23333 26.225 26.27917 26.33333 26.33333 26.32917 26.22917 26.225 26.27083 26.25417 26.3375 26.41667 26.425 26.49583 26.47917 26.60417 26.65417 26.65417 26.62917 26.33333 26.20833 26.39167
26.80833 26.80417 26.8 26.7375 26.69167 26.7 26.6125 26.4875 26.46667 26.47917 26.325 26.27917 26.24167 26.22917 26.2125 26.25 26.22917 26.2375 26.2375 26.225 26.26667 26.35417 26.35417 26.28333 26.26667 26.26667 26.24167 26.2875 26.28333 26.28333 26.31667 26.35833 26.39167 26.38333 26.35417 26.34583 26.38333 26.38333 26.2875 26.25833 26.325 26.42917 26.34167 26.24583 26.24583 26.25 26.26667 26.32083 26.32083 26.37083 26.325 26.17917 26.25833 26.27917 26.23333 26.3375 26.4125 26.44167 26.525 26.5625 26.625 26.61667 26.6125 26.62083 26.1 26.04167 26.37917
26.8 26.80417 26.77083 26.72083 26.73333 26.75833 26.71667 26.63333 26.56667 26.45417 26.35 26.27917 26.25417 26.19583 26.18333 26.15 26.17917 26.19583 26.24167 26.27917 26.36667 26.40833 26.37917 26.3125 26.28333 26.27917 26.27917 26.32917 26.32083 26.2875 26.275 26.33333 26.44583 26.475 26.4625 26.41667 26.39167 26.39167 26.3625 26.35 26.325 26.44583 26.3 26.3 26.32917 26.25 26.2625 26.3375 26.375 26.36667 26.29167 26.00833 26.2875 26.3 26.29583 26.325 26.37083 26.44583 26.5375 26.62083 26.59583 26.51667 26.54167 26.5375 25.9375 25.98333 26.28333
26.79167 26.8 26.75 26.65833 26.66667 26.77083 26.72917 26.69583 26.65417 26.57917 26.41667 26.32917 26.28333 26.27083 26.29167 26.25 26.27083 26.26667 26.3 26.37917 26.43333 26.4125 26.37083 26.29167 26.30833 26.32917 26.31667 26.41667 26.38333 26.35833 26.28333 26.34583 26.45 26.475 26.49583 26.48333 26.4 26.3625 26.34583 26.25 26.3625 26.42917 26.3125 26.325 26.34583 26.24167 26.29583 26.25417 26.35 26.39167 26.375 26.15 26.2875 26.33333 26.36667 26.37083 26.37083 26.49583 26.5625 26.56667 26.6125 26.55 26.54583 26.44583 25.89583 26.13333 26.29167
