bio16.asc
ncols         536
nrows         773
xllcorner     -3.262084961
yllcorner     4.7407226560001
cellsize      0.0083253775074627
NODATA_value  -9999
[rows 240 to 279 of 773, columns 267 to 355 of 536]
549 551 549 550 550 550 550 552 554 554 557 558 559 561 563 563 564 565 566 567 565 565 565 565 564 565 566 568 567 567 567 567 569 570 572 572 575 575 574 575 575 575 576 575 575 577 576 577 576 579 580 582 583 584 585 586 584 585 587 588 588 591 591 593 594 595 595 597 600 601 602 601 601 604 606 607 610 612 612 612 613 616 617 616 616 617 614 614 616
550 551 551 551 550 550 550 552 554 555 557 558 559 560 560 562 562 564 566 566 565 564 564 566 567 567 567 567 567 568 568 568 569 570 570 572 573 575 578 575 574 574 575 575 574 575 575 574 575 579 581 583 582 583 583 584 585 586 587 588 590 591 592 594 595 597 597 599 601 600 601 604 605 606 609 609 609 609 610 611 611 614 615 617 617 617 617 617 615
551 551 551 551 549 550 551 553 555 556 556 558 559 559 559 561 561 563 565 564 564 565 565 565 565 566 567 565 565 567 568 568 569 569 570 571 571 573 576 575 574 574 574 575 575 575 575 575 576 577 578 580 580 581 581 584 586 586 587 589 590 591 593 593 595 596 597 599 599 600 601 602 604 608 611 612 611 611 611 610 612 612 612 613 615 615 614 614 614
550 551 551 551 549 549 550 551 554 554 555 555 558 558 558 558 561 561 563 564 566 566 565 565 564 565 567 566 567 568 569 568 569 568 570 570 572 573 575 575 574 574 574 575 574 574 575 576 577 576 578 579 579 579 582 585 585 586 586 588 588 591 593 594 596 596 595 596 597 599 600 601 603 606 611 610 611 612 612 612 612 612 612 612 612 613 613 613 615
548 549 550 550 548 548 550 550 551 552 554 555 555 556 558 560 560 559 562 562 566 565 564 565 566 567 568 567 567 567 568 569 568 568 569 569 572 573 576 575 574 574 574 574 574 572 575 576 575 575 578 579 580 580 582 582 585 585 585 588 588 589 591 592 594 594 594 596 597 597 600 602 604 607 610 611 611 611 611 612 612 612 612 614 613 613 614 616 615
546 548 547 547 547 548 551 552 552 552 554 556 557 557 559 560 561 562 563 562 564 564 564 566 565 564 565 565 565 566 569 569 570 569 568 569 569 572 573 575 573 573 573 573 574 572 574 575 574 577 578 579 579 581 582 583 584 585 586 588 589 590 591 592 593 595 595 595 598 598 599 600 604 606 608 611 611 611 611 614 614 614 613 613 611 613 614 614 614
545 545 546 546 548 550 554 554 552 553 554 555 557 559 559 560 562 562 563 563 564 563 566 565 565 565 565 566 567 567 568 571 571 569 568 568 568 570 571 573 574 574 574 573 574 574 574 575 575 578 579 580 582 583 583 582 585 585 588 590 590 590 592 592 595 596 596 597 598 600 600 600 602 604 608 611 611 611 612 612 613 611 613 612 614 613 614 614 615
545 545 544 548 550 552 553 553 552 552 552 555 555 556 558 559 561 562 562 564 564 566 567 566 566 567 567 569 569 568 569 570 570 569 568 568 568 568 571 571 573 573 574 575 573 574 574 574 576 577 582 582 583 584 586 586 586 585 587 590 591 591 593 592 593 595 597 597 598 600 599 600 602 603 608 611 610 610 610 612 612 613 613 613 613 614 616 616 616
543 543 545 545 547 549 551 552 551 552 554 556 556 557 558 558 560 560 562 563 564 564 566 566 566 567 568 569 569 570 569 569 569 569 569 567 569 569 571 572 574 572 572 574 573 573 574 576 577 578 581 583 584 585 588 587 587 590 590 589 591 590 590 592 592 594 593 594 596 597 598 599 601 602 603 607 611 612 612 613 613 614 614 614 614 618 617 615 616
542 544 544 546 547 548 548 550 551 553 555 556 558 559 559 558 560 560 561 562 564 565 565 565 565 564 564 566 567 568 567 567 569 571 572 570 569 569 570 572 572 572 573 574 573 573 573 577 578 581 581 585 585 585 587 588 589 590 591 590 590 591 592 593 593 594 594 594 595 596 598 599 600 603 603 606 609 612 613 613 613 614 615 616 617 614 615 615 615
541 545 545 545 547 548 548 549 550 552 554 554 554 557 557 558 559 559 560 562 564 565 566 568 567 565 564 566 568 568 567 568 568 569 571 571 570 568 568 570 572 572 573 573 573 573 573 576 578 578 581 582 584 585 586 588 591 592 591 592 592 592 595 594 595 596 597 598 597 599 599 599 601 603 606 607 610 610 610 611 611 614 616 616 617 617 616 618 617
541 544 545 544 547 549 551 551 550 550 551 551 553 553 554 556 557 559 559 562 563 565 568 568 567 567 567 568 570 568 569 569 569 568 568 570 569 567 568 570 573 574 574 573 572 573 576 576 576 576 577 580 581 584 586 587 590 590 590 589 589 591 594 592 592 595 595 597 598 599 598 601 602 603 606 610 609 608 609 609 610 614 617 615 616 617 616 619 620
542 543 545 545 545 548 550 550 549 551 552 553 553 553 554 556 557 558 560 561 563 565 568 568 567 567 567 567 570 569 570 570 569 569 568 569 570 567 568 570 573 574 574 574 572 572 574 576 575 576 576 579 581 583 584 587 587 587 588 588 591 590 591 591 594 595 595 595 596 598 601 603 602 605 608 610 610 608 608 609 611 616 616 613 613 618 619 619 619
543 543 546 547 546 548 549 550 549 550 551 552 553 553 555 555 557 559 561 562 564 566 567 567 567 566 567 566 566 566 567 568 568 567 568 568 569 568 569 569 573 573 574 574 572 571 572 573 575 576 578 579 580 582 582 584 585 586 586 588 591 590 590 592 595 596 596 595 596 598 600 602 602 606 609 611 610 610 609 608 611 615 616 613 613 613 616 618 618
544 543 545 547 547 547 548 549 549 549 550 552 555 555 555 556 556 559 561 563 564 566 566 566 567 567 566 564 565 567 567 567 568 568 569 567 567 569 570 570 573 573 572 572 571 572 573 575 577 578 579 581 580 582 582 583 584 585 586 588 589 589 588 591 594 594 594 594 596 598 599 600 602 605 607 608 609 611 609 609 611 613 613 614 612 611 615 618 618
544 545 545 547 548 547 547 548 551 551 552 551 555 555 555 559 559 559 561 562 563 563 566 565 566 567 567 565 565 567 567 567 568 569 569 569 568 568 569 570 573 573 570 571 572 573 576 578 578 578 580 583 582 582 582 583 585 585 588 589 589 588 586 589 590 590 592 593 595 598 597 600 602 603 606 606 607 609 609 608 609 611 611 611 611 611 615 618 618
545 545 546 546 547 547 547 547 550 551 552 553 553 554 555 558 559 560 561 562 563 562 563 563 564 565 566 565 564 567 567 568 568 569 570 569 567 568 568 570 572 572 570 570 573 574 577 579 580 580 582 583 583 584 584 583 585 586 587 587 586 586 586 588 589 590 593 593 595 597 597 600 600 604 605 605 605 606 606 606 606 610 611 610 610 612 614 617 617
545 547 547 546 546 547 547 547 549 551 553 554 553 553 555 557 559 559 561 561 562 562 562 564 562 562 565 566 565 565 565 567 568 568 569 568 566 565 566 569 571 568 568 571 573 573 577 577 581 580 581 583 584 585 585 583 585 587 587 584 584 586 588 589 591 592 594 595 598 597 597 598 600 604 605 607 606 604 606 606 606 608 610 609 609 610 614 614 614
547 547 547 546 547 548 548 548 550 550 553 553 554 555 556 557 558 557 558 560 561 562 560 561 562 562 564 567 567 567 565 565 566 568 568 567 566 567 566 568 568 568 568 570 572 574 576 577 577 579 580 584 584 584 584 583 582 585 586 585 584 586 588 590 590 590 592 593 595 596 598 599 600 602 606 608 607 607 607 606 607 607 607 607 609 610 612 611 612
543 546 547 547 548 549 549 548 550 551 551 554 555 557 557 557 557 557 558 559 560 561 561 561 560 561 563 565 567 567 567 564 565 568 568 567 566 566 567 567 566 567 569 572 572 572 575 575 576 577 579 582 583 581 581 582 583 586 586 583 584 586 587 587 589 590 591 592 594 594 596 596 599 600 604 606 607 609 606 606 608 608 607 606 607 608 609 610 611
544 546 546 547 549 549 549 550 550 553 552 552 555 555 557 557 556 556 559 557 557 558 561 561 561 560 560 560 563 564 564 565 564 564 566 566 567 565 566 566 567 569 570 574 574 575 574 577 579 580 580 582 581 581 579 582 583 584 583 584 584 585 586 589 589 590 592 593 591 595 595 596 600 601 603 606 608 608 607 610 610 610 608 607 607 606 609 610 613
543 544 545 545 547 550 550 551 553 553 553 553 554 555 556 556 555 556 558 557 558 555 558 560 560 560 560 561 561 560 562 562 562 562 562 562 565 565 565 566 567 569 569 573 575 575 575 578 580 580 582 580 580 581 579 580 580 582 583 583 585 586 589 589 590 591 591 591 592 593 595 596 598 600 603 606 610 607 609 611 610 610 609 609 609 608 608 609 611
543 542 543 544 547 548 551 551 552 552 553 553 555 553 553 555 555 555 555 556 558 557 556 558 560 563 563 564 563 561 562 562 562 561 562 562 562 562 563 566 568 568 571 572 575 576 576 578 579 579 580 579 579 579 580 580 579 582 582 584 586 588 587 587 588 588 589 591 592 593 594 595 598 601 605 605 608 608 610 612 612 611 612 610 608 607 608 607 609
542 542 542 544 546 548 548 550 550 550 552 554 555 554 553 552 553 554 555 556 556 558 558 556 559 562 564 564 563 562 564 563 563 564 564 565 562 561 563 565 569 571 572 574 577 578 579 579 577 577 578 578 578 578 579 578 581 582 582 583 584 584 585 586 587 586 589 591 593 593 597 597 599 602 603 606 607 608 608 609 608 608 609 609 608 609 607 607 607
542 542 541 544 545 545 546 549 548 550 551 552 554 555 554 554 555 555 555 555 555 555 557 556 557 560 562 563 564 564 565 565 563 563 563 563 562 561 563 566 568 571 573 575 576 577 579 578 576 577 577 578 578 578 578 578 581 582 582 582 583 583 587 586 587 588 590 590 593 596 597 598 599 603 601 605 607 606 606 606 606 606 607 607 607 606 607 607 606
540 540 540 543 543 544 547 547 547 549 548 549 551 553 554 554 554 553 554 554 554 554 554 556 556 558 561 563 564 564 562 563 563 562 562 561 562 561 562 565 568 569 570 572 575 576 576 576 575 575 576 578 575 577 577 578 582 582 583 583 584 586 589 587 587 589 590 592 592 593 597 600 601 603 601 604 608 608 608 607 606 609 609 608 608 606 607 606 606
541 541 540 541 542 544 545 545 546 546 548 549 550 553 551 553 552 553 554 554 555 556 557 557 558 558 557 561 563 562 560 561 562 561 561 561 560 560 563 564 566 568 571 574 573 573 574 575 574 574 574 576 576 577 578 579 581 581 583 584 586 588 589 588 590 589 590 592 592 594 597 600 601 603 601 603 606 608 610 610 608 610 610 610 609 606 607 607 609
541 539 540 540 541 544 544 544 544 546 547 548 550 552 552 553 553 553 553 554 555 556 557 558 558 558 558 558 561 560 559 559 560 560 560 559 559 561 562 566 568 570 570 573 571 571 571 574 573 574 574 575 577 577 577 578 580 579 582 585 586 587 586 588 589 591 592 593 592 595 595 598 599 602 601 600 602 604 607 609 609 610 610 609 606 607 609 609 611
539 538 539 539 542 543 541 542 544 546 549 550 551 553 554 553 554 554 555 556 556 557 557 558 558 558 556 556 561 561 560 559 558 558 559 559 558 562 564 567 570 569 569 570 570 571 571 571 572 574 573 574 577 579 579 580 579 579 580 582 584 585 585 586 587 589 590 591 593 596 598 596 597 599 600 600 602 605 606 607 607 608 608 608 606 607 609 610 608
538 536 537 540 542 541 541 542 543 545 548 550 551 551 552 552 553 553 555 555 557 557 556 556 557 557 557 556 557 559 561 561 560 560 560 558 559 561 564 566 566 566 567 567 568 570 570 570 571 571 573 575 576 578 581 582 582 579 579 582 582 585 585 586 587 588 589 591 593 594 599 599 596 599 599 600 602 605 605 605 604 604 607 607 605 605 608 608 606
537 537 537 540 539 539 539 540 543 544 546 549 549 549 549 552 551 552 552 552 556 557 557 556 555 556 556 555 556 558 561 561 559 560 560 560 559 561 564 566 565 564 565 567 568 571 572 572 570 572 572 573 574 576 580 583 583 581 580 580 582 584 585 588 588 589 591 591 593 595 598 599 598 597 598 600 602 605 604 602 602 603 605 605 604 603 604 605 604
537 536 536 538 539 539 540 540 541 544 546 548 549 549 548 549 551 551 552 552 553 555 557 557 556 556 554 556 556 556 559 559 562 562 562 561 560 560 563 563 564 564 565 567 568 568 570 572 573 573 574 574 575 577 577 580 583 584 580 580 581 584 587 589 590 591 591 591 593 598 600 602 601 599 597 597 599 601 601 601 601 602 604 603 602 602 601 602 603
537 536 535 537 538 539 541 543 543 544 547 547 548 548 548 548 548 549 551 552 552 553 554 557 558 557 557 558 557 556 557 559 562 562 561 560 560 560 561 562 564 564 566 567 569 569 569 573 575 576 574 574 576 577 578 579 581 582 582 580 582 584 586 587 587 588 591 591 593 596 598 601 601 599 598 596 599 600 601 600 600 601 600 600 601 602 600 598 599
536 536 536 537 539 542 542 544 544 544 545 546 547 547 548 549 549 549 548 548 550 551 553 554 555 558 559 557 558 556 556 558 561 561 560 558 559 560 562 564 564 567 566 568 569 569 569 570 575 577 576 575 576 578 578 578 580 582 584 582 583 585 585 583 586 587 589 590 593 595 596 598 599 599 598 597 596 598 600 599 599 601 599 599 599 600 600 599 595
534 535 536 538 540 542 543 543 543 544 543 544 544 545 547 550 549 548 548 549 549 549 551 551 553 554 556 558 557 555 555 558 557 558 559 557 559 560 563 565 567 567 569 570 571 571 569 569 572 575 577 576 578 578 578 579 580 580 584 584 583 584 584 585 587 587 590 590 593 595 596 596 598 598 597 597 597 598 600 598 598 599 598 599 598 599 599 598 595
535 535 534 536 539 541 543 544 544 543 542 543 545 547 549 550 549 549 549 549 548 548 550 553 553 553 553 553 555 554 554 555 555 555 555 556 557 560 561 563 566 569 571 571 571 571 570 570 572 574 577 577 579 579 578 578 581 580 583 585 582 583 584 585 587 589 590 591 592 595 596 596 597 597 599 597 596 597 599 598 598 597 597 597 598 598 598 597 595
535 531 531 534 537 541 542 544 542 540 542 544 546 548 551 550 547 547 547 547 548 547 550 550 553 553 553 553 553 553 553 554 554 554 555 555 557 559 562 564 565 569 574 573 572 570 570 570 573 577 577 578 579 579 579 580 581 580 583 585 584 584 585 585 587 589 592 593 594 595 598 597 595 596 597 596 595 595 598 600 599 598 596 596 595 596 596 596 595
533 529 525 532 536 539 539 542 539 540 542 544 546 548 549 551 550 550 549 548 548 548 548 549 551 553 553 553 551 552 553 552 554 554 554 556 558 561 564 565 568 569 572 573 573 570 570 570 571 574 577 577 580 580 580 579 582 582 583 586 586 585 585 586 588 589 594 594 593 593 596 598 596 595 594 595 596 596 599 599 598 597 595 595 593 594 593 594 595
532 528 524 529 535 539 537 539 539 542 542 544 546 548 549 549 549 549 550 549 548 548 549 549 549 551 551 552 550 551 552 554 554 553 553 556 557 560 561 563 566 567 570 572 573 572 572 572 572 573 574 575 577 580 582 580 581 583 582 583 586 586 586 589 589 592 595 595 595 593 595 596 596 595 594 594 595 596 598 599 599 596 595 595 594 594 595 597 598
531 528 524 528 536 537 537 537 539 543 543 545 547 549 550 549 549 548 550 549 550 550 551 550 549 549 550 551 551 551 550 552 553 554 555 557 560 561 563 563 565 567 570 572 573 573 573 573 574 574 575 576 579 581 582 582 582 584 584 585 585 588 588 589 589 590 591 592 594 593 593 596 596 595 595 597 596 595 596 598 598 596 594 594 595 597 599 600 602
