bio16.asc
ncols         536
nrows         773
xllcorner     -3.262084961
yllcorner     4.7407226560001
cellsize      0.0083253775074627
NODATA_value  -9999
[rows 360 to 399 of 773, columns 356 to 444 of 536]
566 566 572 576 574 574 576 577 581 585 583 578 577 579 582 592 596 596 594 592 594 596 595 596 595 597 597 599 601 602 602 606 607 605 604 603 600 598 599 599 598 600 601 599 598 600 600 598 595 592 588 583 581 576 571 567 569 567 571 571 574 579 583 582 581 579 580 581 581 580 579 577 579 578 576 575 575 576 577 577 579 578 578 578 578 580 587 607 661
565 566 568 575 580 583 583 583 586 588 588 586 582 583 590 595 597 598 595 595 594 598 596 598 596 599 602 602 602 604 604 604 604 604 605 603 598 598 596 596 595 598 600 598 596 595 598 598 597 594 592 585 582 577 571 570 572 573 572 573 576 583 583 582 582 580 581 582 582 583 580 580 582 581 580 579 576 578 578 578 579 577 578 579 580 585 596 644 666
571 572 574 577 580 582 583 583 586 588 589 590 591 593 594 595 595 598 599 599 598 598 599 598 596 599 600 603 603 603 605 606 608 606 604 604 602 599 599 595 592 594 596 600 597 595 593 596 595 596 593 585 579 574 568 570 574 574 571 574 579 582 581 579 580 580 581 581 579 580 581 582 583 582 580 579 576 575 576 577 576 573 574 577 579 588 612 660 658
567 568 573 576 579 579 579 582 585 587 587 588 591 594 594 593 598 600 600 598 599 601 601 598 599 601 600 602 602 602 602 606 607 605 603 604 605 600 599 599 596 593 596 598 598 597 593 592 591 590 590 584 580 572 568 571 572 571 575 577 580 582 579 579 577 577 577 579 579 580 579 579 580 579 579 577 574 574 574 573 574 574 574 577 580 594 636 654 669
563 564 571 574 575 576 578 582 583 586 587 588 591 593 593 592 596 598 598 598 600 600 598 598 600 600 600 601 599 602 602 603 606 604 601 604 601 599 599 599 595 592 593 594 595 596 594 590 586 587 585 583 578 571 570 571 570 571 576 578 578 580 580 576 575 574 577 579 579 578 578 576 576 577 576 573 573 574 574 574 575 575 575 579 588 617 662 646 653
560 562 565 568 571 573 577 580 581 585 585 589 592 591 592 595 596 595 599 599 601 599 596 599 599 599 598 599 601 601 601 603 603 602 601 601 601 596 597 596 596 592 592 592 593 596 595 590 585 584 583 581 579 571 570 571 566 569 572 573 577 578 579 577 575 574 576 578 579 575 577 575 576 576 572 573 574 574 573 573 574 573 575 581 601 657 655 637 640
564 564 564 564 567 570 575 576 579 581 584 588 589 589 593 593 594 595 595 597 600 599 595 597 599 598 598 598 600 599 600 601 601 603 603 604 605 600 597 594 592 591 589 590 593 594 595 590 586 582 579 578 576 571 575 574 567 566 570 572 573 573 572 573 573 574 574 574 575 574 574 574 576 573 572 573 571 570 570 572 572 571 575 580 619 658 640 637 633
569 570 569 570 569 569 574 575 577 579 584 587 588 590 591 592 595 593 595 595 597 596 593 595 598 597 599 600 599 599 602 603 605 606 605 606 604 598 599 597 594 590 587 587 590 590 589 586 582 577 573 574 572 573 572 570 570 569 571 570 568 568 567 566 566 567 570 572 572 572 573 573 573 573 573 570 570 570 570 574 575 572 575 580 619 648 633 634 631
572 572 573 572 571 569 571 573 576 580 586 586 587 590 591 593 592 592 595 598 598 594 592 596 597 594 595 596 596 598 601 601 603 603 603 606 600 595 596 595 592 588 584 585 586 586 586 583 574 570 567 572 572 574 572 567 568 572 573 572 573 571 568 564 563 565 571 571 570 570 574 572 573 574 574 573 573 573 573 573 572 574 575 578 595 615 631 634 636
565 566 572 572 573 572 570 572 577 583 585 586 585 587 589 590 593 594 595 596 596 593 592 595 597 595 593 595 595 595 600 602 605 607 604 604 599 592 592 589 587 584 581 581 583 580 580 578 570 570 571 571 569 571 572 568 567 566 565 567 571 571 571 568 566 564 566 571 571 571 575 574 575 574 574 573 571 573 571 570 573 575 577 584 621 612 641 635 650
562 563 573 573 574 575 574 575 580 583 585 585 585 589 591 594 594 597 596 593 594 593 592 595 594 593 591 592 594 595 600 602 603 605 602 600 598 592 589 587 585 581 581 581 580 576 576 573 567 571 570 566 566 566 567 569 567 565 565 565 570 574 578 572 570 569 565 571 574 577 576 576 573 572 570 569 570 570 570 570 571 573 575 586 636 640 643 635 646
561 564 573 575 575 575 575 576 578 580 581 581 586 590 590 592 593 595 593 592 594 591 592 595 593 591 591 592 594 595 597 600 602 605 603 597 595 594 590 587 585 582 582 582 578 574 574 571 570 573 570 566 566 564 565 570 570 569 567 568 570 576 581 578 573 570 565 565 572 573 572 572 572 569 571 570 571 569 570 572 573 574 579 588 642 651 638 633 640
565 566 571 576 576 576 575 576 575 579 579 580 585 588 588 589 591 591 588 589 591 588 591 593 593 590 593 595 596 597 597 599 601 603 602 598 594 593 591 589 587 587 583 583 579 575 572 572 575 575 575 572 571 567 567 571 573 574 570 570 574 581 583 580 578 575 570 567 570 571 571 572 572 571 572 572 572 571 570 569 571 574 579 589 642 653 638 636 646
567 567 570 574 575 577 576 576 576 576 574 577 583 586 583 587 588 588 584 587 586 583 590 591 592 591 593 596 593 595 598 600 602 603 603 600 596 593 590 587 585 587 587 585 582 579 577 575 577 578 576 576 575 573 571 569 569 571 572 570 577 583 584 581 578 575 576 571 573 570 571 571 572 572 573 572 572 572 571 571 572 573 576 586 641 654 639 639 649
572 571 567 567 569 575 576 576 574 570 570 574 578 582 580 583 582 583 580 582 582 579 581 586 588 589 591 590 594 595 597 598 599 601 601 602 599 593 589 585 580 583 586 587 584 582 581 581 578 578 574 573 572 575 572 570 572 575 580 580 583 584 584 581 577 578 578 573 574 573 572 571 572 573 573 571 570 570 572 570 571 573 576 584 634 652 639 637 646
576 575 571 568 567 569 572 574 574 571 571 571 575 576 574 574 574 577 575 576 577 580 585 588 589 592 593 594 595 596 600 601 603 603 604 604 601 596 588 582 578 577 582 585 585 584 583 582 579 576 569 568 569 573 573 578 578 580 582 582 583 584 583 581 579 578 576 574 576 574 572 571 571 570 570 570 571 572 570 570 571 571 576 588 644 651 636 636 663
576 576 576 573 564 563 570 572 577 577 576 576 574 573 572 572 574 576 577 575 577 582 587 589 592 595 595 597 596 598 599 601 603 603 606 607 607 602 594 589 589 583 582 583 584 585 584 582 579 579 574 572 575 574 578 579 582 581 582 582 582 582 584 581 580 579 580 576 573 572 571 570 568 569 569 571 568 568 568 569 570 572 576 589 646 645 636 640 655
576 576 579 577 569 567 573 575 579 578 578 577 574 572 571 576 580 578 577 574 571 577 584 588 591 594 595 596 599 599 601 602 602 604 605 608 606 603 601 598 599 591 587 582 583 586 585 583 582 578 577 576 579 579 581 583 584 583 582 582 582 584 583 581 578 577 575 573 572 570 570 567 569 570 569 568 568 567 567 567 571 571 577 599 651 642 640 655 656
576 579 580 577 570 567 571 572 578 580 578 579 577 577 576 579 580 580 578 573 572 577 580 587 589 591 594 595 599 601 603 603 602 605 605 606 605 602 601 599 598 594 586 580 582 584 584 581 577 573 576 575 577 577 578 580 583 583 585 583 582 583 580 579 576 574 574 571 570 568 569 567 568 568 565 566 567 567 567 567 568 571 581 614 651 640 653 669 667
577 580 582 579 575 571 568 567 572 580 579 580 580 579 581 583 586 585 580 578 577 580 583 585 588 591 592 596 598 599 601 600 601 605 605 607 605 601 599 596 594 594 589 584 580 578 579 576 574 567 575 576 576 580 581 582 583 584 584 583 583 582 579 579 576 574 571 571 568 569 567 568 568 566 564 565 566 565 565 566 567 571 579 610 651 644 675 680 644
579 579 581 581 580 575 570 571 568 570 579 581 581 581 581 580 574 572 577 580 580 580 579 582 587 591 592 595 595 595 597 600 603 605 607 608 603 606 602 597 597 597 590 585 582 580 579 575 572 575 573 571 573 576 579 580 583 583 584 585 583 583 580 576 575 573 570 568 567 566 567 566 563 563 565 565 566 567 566 566 566 569 574 593 646 648 677 665 650
579 580 582 582 581 580 575 573 568 570 577 581 583 584 584 579 570 574 578 579 581 580 578 581 586 589 592 595 595 594 595 599 601 604 607 608 605 607 605 600 601 601 595 589 586 585 584 574 569 575 576 575 572 569 572 577 579 580 581 581 582 579 577 576 573 571 569 566 563 564 564 564 562 563 564 564 564 566 566 566 566 568 573 584 636 651 677 671 657
578 580 579 578 578 580 577 576 571 571 574 581 580 584 580 573 572 578 580 580 580 578 577 582 587 589 590 591 591 593 594 598 600 602 604 604 605 606 605 602 601 600 596 588 585 583 580 574 569 574 575 577 576 572 573 576 579 580 580 581 582 580 575 573 571 570 568 565 563 564 563 562 563 563 564 564 564 564 563 564 566 568 572 590 640 659 676 657 640
579 580 577 577 579 581 580 581 579 576 575 575 576 579 573 568 572 580 581 580 580 578 575 577 581 585 587 587 591 596 598 600 601 603 604 606 608 604 600 598 596 597 594 586 580 578 575 570 570 574 575 576 578 576 577 580 580 580 581 583 579 576 576 572 568 568 568 565 564 564 564 563 562 563 563 563 564 563 565 565 565 569 570 584 623 650 662 653 635
578 579 577 580 581 582 583 583 583 580 576 579 579 578 573 568 571 578 580 580 580 579 574 572 577 581 585 585 590 594 598 601 602 603 603 604 606 606 604 597 594 592 588 580 577 576 572 570 572 575 575 576 579 580 581 581 583 580 581 581 579 576 576 572 569 567 566 564 562 562 564 564 563 563 564 565 565 565 563 564 565 567 571 576 593 618 656 645 635
578 578 578 582 583 582 582 582 585 585 584 585 583 580 574 569 573 578 579 579 580 579 574 572 576 584 585 588 591 596 600 603 605 605 606 606 606 606 608 603 593 587 582 577 577 578 576 574 577 575 576 578 581 584 584 582 582 582 581 578 578 576 573 572 567 566 563 561 562 563 562 560 561 560 562 562 563 563 563 566 567 568 570 575 584 606 651 644 626
578 579 580 582 582 582 581 583 585 586 586 584 579 575 575 576 581 583 582 578 578 579 578 578 580 584 585 588 593 594 597 601 603 604 607 608 609 608 608 609 606 591 583 577 579 579 579 577 576 575 574 577 578 582 579 581 581 580 579 576 573 574 571 571 569 564 563 560 562 560 561 561 561 562 562 560 561 565 565 564 565 568 571 573 578 603 638 642 621
576 578 581 581 581 579 580 582 583 584 583 579 576 574 575 581 584 584 580 579 580 579 580 582 580 581 584 587 589 591 595 600 604 605 607 607 608 607 607 605 597 590 583 574 580 578 574 570 568 569 577 577 574 577 581 578 579 578 575 574 570 570 571 571 570 564 562 560 561 561 561 561 560 561 564 565 562 563 562 563 563 565 569 573 580 608 633 632 628
577 578 581 581 578 578 580 580 580 579 577 574 574 576 577 579 580 576 574 578 580 579 579 579 578 577 577 581 586 592 597 601 601 604 606 609 608 605 602 597 592 590 581 575 577 574 574 570 568 568 570 570 571 575 576 576 576 577 575 573 571 567 567 570 568 562 559 559 559 560 559 558 560 561 562 562 562 562 560 560 560 563 569 575 580 599 625 619 641
577 577 578 581 580 580 580 580 580 579 573 572 577 580 578 574 573 570 575 578 580 581 579 579 579 581 578 584 590 591 596 600 603 604 605 610 610 607 602 597 597 588 577 578 581 581 580 577 575 571 563 565 567 569 572 570 568 572 575 572 569 568 565 567 568 563 555 555 555 558 559 558 559 560 561 560 561 559 559 560 560 565 570 572 577 617 622 615 644
577 577 577 577 578 577 575 575 575 575 573 572 581 585 580 576 573 571 577 580 580 580 579 579 579 581 583 586 593 597 598 597 602 604 607 609 609 609 606 603 599 589 578 582 583 581 580 576 575 570 563 564 563 565 563 563 562 570 571 568 567 568 564 565 562 561 552 549 550 555 557 557 559 559 560 557 558 557 557 560 563 566 567 568 579 624 622 616 643
577 577 577 577 574 574 573 575 575 577 576 574 583 586 584 580 574 571 576 580 580 580 579 578 578 579 586 588 593 597 600 603 604 604 607 609 608 610 609 603 600 590 580 581 582 580 577 572 573 572 568 562 558 559 560 561 559 560 565 566 565 564 563 560 556 555 550 550 549 554 557 557 557 557 555 557 558 559 559 558 561 564 567 568 593 627 617 613 651
574 576 577 576 574 576 575 579 580 579 581 581 586 588 585 580 572 570 575 578 578 578 578 578 580 580 583 586 591 596 600 603 605 606 608 610 610 611 614 612 602 595 584 577 579 577 573 568 570 569 562 561 559 561 564 565 562 561 565 565 563 562 557 554 554 553 550 551 553 555 557 558 557 555 555 556 559 559 558 560 564 567 571 572 596 637 610 613 652
574 574 575 575 577 575 576 578 584 582 582 583 585 586 583 579 580 579 579 578 580 578 579 579 580 580 582 588 591 593 598 601 605 607 608 609 610 611 612 613 599 594 586 581 572 568 566 565 568 563 557 558 559 564 568 565 563 559 564 562 560 560 556 554 549 549 550 554 556 558 555 555 556 555 554 555 554 555 556 562 565 568 571 575 597 637 602 614 666
571 571 573 576 576 576 577 579 584 585 585 584 584 584 586 581 579 579 577 580 579 580 578 579 580 582 585 586 591 597 599 602 606 609 612 612 611 606 603 602 595 591 583 577 571 568 569 570 569 562 564 564 564 567 564 562 562 562 563 562 560 554 550 553 549 549 550 554 555 559 556 554 553 554 554 555 554 555 557 559 562 567 571 583 622 635 599 623 662
569 572 575 575 577 576 579 581 584 584 584 584 586 587 587 584 579 577 577 580 580 580 580 580 580 581 582 586 590 594 600 604 605 608 612 612 610 606 600 596 590 584 576 573 570 569 572 572 572 569 567 567 566 565 558 557 560 562 563 560 557 551 550 552 552 551 551 554 556 555 556 556 555 552 555 555 557 555 556 560 562 566 571 583 633 621 592 614 611
572 572 572 575 575 578 580 580 582 584 585 586 587 587 586 580 579 578 580 580 580 579 579 579 580 581 581 585 590 595 600 604 607 609 610 611 611 607 603 597 590 582 572 575 574 573 573 571 571 568 567 565 566 559 553 553 556 558 559 556 554 547 545 551 549 549 548 550 553 554 555 554 555 553 552 556 555 555 556 559 560 564 573 589 634 618 588 603 588
571 571 572 574 577 578 580 580 581 582 584 585 585 585 583 579 575 577 579 580 580 579 579 579 579 579 579 581 587 594 600 605 611 612 613 612 611 606 603 599 593 585 573 573 574 576 573 571 569 567 565 564 563 554 551 553 556 557 559 554 549 547 547 550 551 549 548 549 549 551 550 552 556 556 553 556 559 555 556 557 561 575 617 604 650 621 585 608 579
572 572 574 574 576 577 579 580 580 581 580 582 585 585 580 575 575 576 579 579 581 580 580 579 580 580 580 581 586 594 600 607 609 610 610 611 609 605 602 597 593 586 575 569 570 575 573 571 568 567 565 564 560 555 553 556 559 557 556 553 548 549 548 547 547 546 546 548 548 549 550 552 555 556 551 551 554 553 554 558 564 579 639 635 642 616 583 603 579
572 571 573 574 575 576 576 579 579 580 580 579 581 584 583 580 573 576 579 581 582 581 581 580 581 582 582 586 590 596 603 606 609 608 609 610 610 605 602 599 595 587 576 570 569 574 573 570 567 566 565 565 562 560 557 556 555 550 546 545 546 548 547 543 541 541 546 546 549 549 550 551 555 556 552 554 556 554 553 555 560 573 608 611 639 602 578 589 561
