bio1.asc
ncols         536
nrows         773
xllcorner     -3.262084961
yllcorner     4.7407226560001
cellsize      0.0083253775074627
NODATA_value  -9999
[rows 210 to 239 of 773, columns 402 to 468 of 536]
27.80833 27.84167 27.8375 27.81667 27.83333 27.85 27.84583 27.8375 27.87917 27.93333 27.95 27.94167 27.90417 27.9375 27.92917 28.00833 28.01667 28.0125 27.96667 27.90833 27.9 27.9 27.93333 27.93333 27.94167 27.91667 27.8875 27.89167 27.85833 27.81667 27.75 27.81667 27.86667 27.85 27.79167 27.73333 27.67083 27.65417 27.65 27.725 27.79583 27.7875 27.7125 27.65833 27.60833 27.62083 27.70833 27.8 27.7625 27.75417 27.7375 27.72917 27.725 27.71667 27.75833 27.7625 -9999 -9999 -9999 -9999 -9999 -9999 -9999 -9999 -9999 -9999 -9999
27.75833 27.77083 27.75833 27.74583 27.74583 27.825 27.81667 27.8125 27.87083 27.90417 27.875 27.88333 27.85417 27.92083 28.00833 28.03333 28.02083 27.99583 27.98333 27.95833 27.94583 27.93333 27.93333 27.92917 27.93333 27.9125 27.88333 27.84167 27.80833 27.75 27.7125 27.73333 27.80833 27.77917 27.74583 27.7375 27.74167 27.70833 27.6875 27.6875 27.725 27.72083 27.75 27.72083 27.69583 27.62083 27.63333 27.7375 27.7875 27.78333 27.75417 27.69583 27.67083 27.6375 27.67083 27.67083 27.7375 -9999 -9999 -9999 -9999 -9999 -9999 -9999 -9999 -9999 -9999
27.775 27.74583 27.74583 27.74583 27.75 27.77917 27.775 27.77917 27.825 27.85 27.84167 27.825 27.85833 27.9875 28.04583 28.04583 28.025 28.00417 27.975 27.95833 27.94583 27.94167 27.92083 27.91667 27.91667 27.89167 27.82917 27.7875 27.75417 27.6625 27.74583 27.775 27.73333 27.69583 27.725 27.7625 27.81667 27.77917 27.73333 27.67917 27.66667 27.6375 27.63333 27.7 27.675 27.575 27.58333 27.68333 27.68333 27.6875 27.75 27.7 27.62083 27.5625 27.59583 27.65 27.6875 27.725 -9999 -9999 -9999 -9999 -9999 -9999 -9999 -9999 -9999
27.83333 27.80417 27.75833 27.75417 27.79167 27.8125 27.79167 27.7875 27.825 27.84167 27.8 27.79583 27.82083 27.91667 27.95 28.04583 27.99583 27.93333 27.93333 27.9375 27.89583 27.89583 27.8625 27.8 27.75833 27.7875 27.71667 27.675 27.67083 27.65833 27.7 27.79583 27.82917 27.74583 27.80417 27.84167 27.81667 27.7375 27.725 27.68333 27.66667 27.61667 27.57917 27.62083 27.64583 27.57083 27.55 27.625 27.56667 27.56667 27.67083 27.7375 27.62917 27.54167 27.5625 27.59167 27.60417 27.65417 -9999 -9999 -9999 -9999 -9999 -9999 -9999 -9999 -9999
27.89583 27.8625 27.79167 27.77917 27.80833 27.85 27.825 27.825 27.85 27.84583 27.81667 27.8 27.825 27.97917 28.04583 28.05833 28.03333 27.95417 27.9 27.8875 27.84583 27.78333 27.72083 27.72917 27.75 27.725 27.7 27.6875 27.70833 27.70417 27.74167 27.83333 27.85417 27.8375 27.8375 27.875 27.8 27.79167 27.8 27.75417 27.725 27.64583 27.59583 27.5875 27.61667 27.60417 27.55417 27.55417 27.51667 27.53333 27.6375 27.72083 27.67917 27.59167 27.5625 27.525 27.55417 27.575 -9999 -9999 -9999 -9999 -9999 -9999 -9999 -9999 -9999
27.84167 27.89167 27.82083 27.79583 27.80833 27.825 27.89167 27.89583 27.89583 27.87083 27.8375 27.82083 27.84167 27.925 27.96667 28.07083 28.0375 27.9875 27.95 27.95 27.8875 27.8375 27.77917 27.80417 27.75 27.725 27.7625 27.7875 27.80833 27.8375 27.85 27.90417 27.91667 27.9125 27.90833 27.87917 27.85 27.8625 27.7875 27.69583 27.69583 27.6875 27.625 27.60833 27.61667 27.62083 27.62917 27.60417 27.5375 27.53333 27.60417 27.62083 27.67917 27.675 27.62917 27.5375 27.4875 27.5125 -9999 -9999 -9999 -9999 -9999 -9999 -9999 -9999 -9999
27.79583 27.8875 27.85417 27.79167 27.77083 27.8 27.81667 27.90417 27.925 27.875 27.84167 27.87917 27.88333 27.91667 28.03333 28.07917 28.05 28.02083 27.9875 27.98333 27.92917 27.89167 27.875 27.84167 27.81667 27.75417 27.825 27.8625 27.875 27.90833 27.91667 27.92917 27.90833 27.90833 27.90833 27.90833 27.90833 27.85417 27.76667 27.7375 27.74583 27.68333 27.675 27.69167 27.70833 27.71667 27.70833 27.62917 27.5625 27.56667 27.54167 27.54167 27.59583 27.57917 27.59583 27.55 27.45 27.4875 -9999 -9999 -9999 -9999 -9999 -9999 -9999 -9999 -9999
27.77917 27.87917 27.89583 27.82917 27.81667 27.78333 27.80417 27.84583 27.93333 27.9125 27.875 27.925 27.9 27.85833 27.95 28.02917 28.02917 28.00833 27.9875 27.9875 27.975 27.95833 27.92083 27.89583 27.90417 27.88333 27.8875 27.90833 27.92083 27.9 27.87917 27.8625 27.81667 27.80417 27.84583 27.81667 27.8625 27.89583 27.84583 27.82083 27.75833 27.72917 27.70417 27.75417 27.76667 27.70833 27.675 27.64583 27.65 27.62917 27.59167 27.575 27.58333 27.55417 27.54167 27.47917 27.3875 -9999 -9999 -9999 -9999 -9999 -9999 -9999 -9999 -9999 -9999
27.77917 27.81667 27.90833 27.90833 27.87917 27.81667 27.81667 27.84583 27.90417 27.95833 27.96667 27.95 27.87917 27.84583 27.8875 27.97083 28.00417 28.00417 28.00417 27.975 27.96667 27.9625 27.95833 27.93333 27.92083 27.91667 27.92083 27.91667 27.92917 27.87917 27.8375 27.79583 27.76667 27.75833 27.79167 27.75 27.75417 27.84583 27.875 27.86667 27.86667 27.8625 27.82917 27.81667 27.74167 27.6875 27.68333 27.71667 27.73333 27.67083 27.71667 27.69583 27.65833 27.63333 27.56667 27.4125 27.28333 -9999 -9999 -9999 -9999 -9999 -9999 -9999 -9999 -9999 -9999
27.8375 27.825 27.875 27.92083 27.9375 27.9125 27.91667 27.925 27.875 27.89583 27.9625 27.98333 27.87917 27.87083 27.91667 27.94583 27.9875 27.98333 27.975 27.96667 27.96667 27.9625 27.89583 27.90833 27.8625 27.87083 27.925 27.81667 27.88333 27.94583 27.93333 27.89583 27.87083 27.82917 27.8 27.75833 27.72917 27.75833 27.80833 27.83333 27.80417 27.78333 27.8125 27.825 27.81667 27.79583 27.7875 27.77917 27.74583 27.70833 27.775 27.775 27.74167 27.6875 27.60417 27.23333 27.2375 -9999 -9999 -9999 -9999 -9999 -9999 -9999 -9999 -9999 -9999
27.875 27.89167 27.89167 27.9 27.9625 27.97917 28.00417 27.975 27.94583 27.91667 27.91667 27.99583 27.88333 27.825 27.9125 27.9375 27.975 27.98333 27.9625 27.95417 27.9625 27.95 27.8375 27.87917 27.81667 27.82083 27.92083 27.8375 27.8 27.8875 27.91667 27.92917 27.925 27.91667 27.90833 27.83333 27.75417 27.70833 27.725 27.78333 27.7375 27.69583 27.72083 27.75417 27.74583 27.79583 27.7875 27.775 27.80417 27.79167 27.74167 27.7125 27.66667 27.625 27.6 27.05417 -9999 -9999 -9999 -9999 -9999 -9999 -9999 -9999 -9999 -9999 -9999
27.7875 27.8125 27.87083 27.90833 27.91667 27.91667 27.95833 28.03333 28.0375 28.01667 27.975 28.00833 27.89583 27.8375 27.9125 27.94167 27.975 27.975 27.9625 27.9375 27.95833 27.95 27.86667 27.85833 27.79583 27.8 27.90417 27.91667 27.88333 27.8125 27.84167 27.85417 27.85417 27.8375 27.9 27.90417 27.82917 27.775 27.71667 27.7 27.725 27.6625 27.66667 27.69583 27.6625 27.725 27.72917 27.64583 27.7 27.78333 27.73333 27.70833 27.65417 27.57917 27.52083 27.21667 26.9625 -9999 -9999 -9999 -9999 -9999 -9999 -9999 -9999 -9999 -9999
27.75 27.79167 27.80833 27.82917 27.88333 27.90833 27.95833 27.97083 28.0125 28.04167 28.025 28.02917 27.9 27.87917 27.9375 27.95833 27.975 27.9625 27.94583 27.92917 27.9625 27.95 27.85417 27.85417 27.82917 27.80417 27.86667 27.94583 27.89167 27.825 27.81667 27.81667 27.81667 27.75417 27.80833 27.86667 27.9 27.82083 27.75833 27.7125 27.70417 27.67917 27.62917 27.61667 27.625 27.6625 27.71667 27.60833 27.6125 27.725 27.75 27.74583 27.68333 27.61667 27.45833 27.15833 26.95 -9999 -9999 -9999 -9999 -9999 -9999 -9999 -9999 -9999 -9999
27.80833 27.82083 27.84583 27.86667 27.89167 27.9125 27.92083 27.91667 27.9375 28.00833 28.05 28.05833 27.97083 27.99167 27.97917 27.95 27.99167 27.96667 27.95 27.95 27.9625 27.91667 27.79167 27.83333 27.8125 27.78333 27.82917 27.92083 27.94167 27.89583 27.82917 27.79167 27.74167 27.72917 27.77917 27.79583 27.85417 27.86667 27.81667 27.78333 27.73333 27.64583 27.5625 27.52917 27.5625 27.60833 27.68333 27.62083 27.57083 27.62917 27.65833 27.7125 27.65417 27.55417 27.2125 26.92917 26.89583 -9999 -9999 -9999 -9999 -9999 -9999 -9999 -9999 -9999 -9999
27.79167 27.77917 27.78333 27.79583 27.79167 27.80833 27.84583 27.925 27.94167 28 27.99167 28.025 28.04167 28.02083 28.0125 27.9875 27.98333 27.9625 27.95 27.95417 27.96667 27.94583 27.8375 27.82083 27.75417 27.75833 27.8375 27.89167 27.92083 27.92917 27.925 27.8625 27.77917 27.76667 27.725 27.71667 27.77917 27.85417 27.79583 27.71667 27.70833 27.675 27.59167 27.52917 27.54167 27.6125 27.63333 27.57917 27.525 27.52917 27.5375 27.62917 27.6125 27.5 26.87083 26.5125 26.5125 -9999 -9999 -9999 -9999 -9999 -9999 -9999 -9999 -9999 -9999
27.73333 27.74167 27.7375 27.72917 27.74167 27.8 27.83333 27.87917 27.8875 27.9 27.875 27.97083 28.0375 28.0125 27.99583 27.99167 27.98333 27.97083 27.94583 27.9625 27.97917 27.95833 27.82083 27.76667 27.73333 27.72917 27.78333 27.87917 27.87917 27.82917 27.90833 27.9125 27.87083 27.80417 27.68333 27.65417 27.74583 27.77083 27.77917 27.75 27.67083 27.64583 27.61667 27.55 27.51667 27.55417 27.54167 27.54167 27.525 27.50833 27.48333 27.57083 27.56667 27.35417 -9999 -9999 -9999 -9999 -9999 -9999 -9999 -9999 -9999 -9999 -9999 -9999 -9999
27.74167 27.75 27.75417 27.75417 27.79167 27.86667 27.83333 27.85417 27.84167 27.8375 27.84583 27.99167 27.99583 27.97917 27.9625 27.95417 27.9375 27.89583 27.8625 27.89167 27.95833 27.95 27.85833 27.74167 27.6875 27.69167 27.75417 27.85833 27.86667 27.82083 27.825 27.8375 27.89583 27.83333 27.73333 27.67917 27.7375 27.67917 27.66667 27.72083 27.70833 27.6625 27.6 27.52917 27.4875 27.50833 27.53333 27.6125 27.57917 27.52083 27.50417 27.49167 27.40833 -9999 -9999 -9999 -9999 -9999 -9999 -9999 -9999 -9999 -9999 -9999 -9999 -9999 -9999
27.80417 27.80417 27.8125 27.8125 27.85 27.88333 27.92083 27.9375 27.92083 27.91667 27.90417 27.975 27.97917 27.96667 27.95417 27.93333 27.92917 27.88333 27.87917 27.875 27.8625 27.8375 27.7875 27.75 27.70833 27.6875 27.73333 27.8 27.7875 27.8125 27.79167 27.75417 27.82917 27.875 27.81667 27.73333 27.7 27.65 27.62083 27.6 27.575 27.61667 27.5875 27.54167 27.525 27.54167 27.6 27.63333 27.60417 27.59167 27.52917 27.27917 26.90417 -9999 -9999 -9999 -9999 -9999 -9999 -9999 -9999 -9999 -9999 -9999 -9999 -9999 -9999
27.73333 27.74583 27.77083 27.775 27.82917 27.85417 27.88333 27.93333 27.99583 27.99167 27.99583 28.0125 27.975 27.9625 27.93333 27.92083 27.91667 27.90833 27.9 27.88333 27.82917 27.80417 27.775 27.82083 27.78333 27.7125 27.70417 27.725 27.70417 27.72083 27.75 27.72917 27.80417 27.8125 27.83333 27.775 27.6875 27.6375 27.5875 27.54583 27.50417 27.525 27.55 27.55 27.575 27.6125 27.65833 27.675 27.6375 27.60417 27.54583 26.93333 -9999 -9999 -9999 -9999 -9999 -9999 -9999 -9999 -9999 -9999 -9999 -9999 -9999 -9999 -9999
27.74583 27.75417 27.76667 27.79167 27.88333 27.9125 27.91667 27.975 28.0125 28.025 28.00417 28.0125 27.97917 27.96667 27.9375 27.92083 27.9375 27.90833 27.87083 27.82083 27.8 27.78333 27.80417 27.85833 27.8 27.75417 27.725 27.71667 27.6875 27.67917 27.70833 27.70417 27.72083 27.72917 27.775 27.76667 27.74167 27.69167 27.6375 27.55417 27.47083 27.50417 27.54583 27.5625 27.6375 27.6375 27.6875 27.60417 27.575 27.52917 27.34167 -9999 -9999 -9999 -9999 -9999 -9999 -9999 -9999 -9999 -9999 -9999 -9999 -9999 -9999 -9999 -9999
27.80417 27.8125 27.84167 27.85417 27.89167 27.94583 27.95 27.96667 27.9875 27.975 27.99583 28.00417 27.98333 27.96667 27.94167 27.94583 27.90833 27.87083 27.85833 27.82917 27.85833 27.85 27.87083 27.85 27.80833 27.77917 27.76667 27.77083 27.72917 27.71667 27.73333 27.66667 27.64167 27.65 27.6875 27.65833 27.6625 27.65833 27.59167 27.54583 27.54167 27.55 27.59167 27.55833 27.625 27.69583 27.67083 27.60417 27.58333 27.4375 27.00417 -9999 -9999 -9999 -9999 -9999 -9999 -9999 -9999 -9999 -9999 -9999 -9999 -9999 -9999 -9999 -9999
27.77917 27.8 27.80833 27.8375 27.8875 27.86667 27.86667 27.9 27.9 27.89583 27.9375 28.00833 27.99167 27.975 27.975 27.95833 27.92917 27.94583 27.94583 27.92917 27.94583 27.93333 27.92917 27.88333 27.85417 27.82083 27.80833 27.81667 27.7875 27.79167 27.77083 27.69583 27.63333 27.6125 27.62917 27.5875 27.58333 27.58333 27.58333 27.5625 27.575 27.62917 27.6625 27.625 27.66667 27.6875 27.67083 27.64167 27.6125 27.375 27.34583 -9999 -9999 -9999 -9999 -9999 -9999 -9999 -9999 -9999 -9999 -9999 -9999 -9999 -9999 -9999 -9999
27.825 27.825 27.84583 27.87083 27.84583 27.7875 27.80833 27.81667 27.825 27.87083 27.9375 27.99167 27.98333 27.98333 27.94167 27.94583 27.9875 27.95833 27.95 27.87083 27.86667 27.82917 27.83333 27.89583 27.89167 27.88333 27.89167 27.87917 27.85833 27.84167 27.82083 27.77917 27.72083 27.68333 27.625 27.54583 27.51667 27.55417 27.60417 27.59583 27.6125 27.62083 27.70833 27.7125 27.72083 27.68333 27.66667 27.62083 27.55833 27.49167 27.5125 27.4875 -9999 -9999 -9999 -9999 -9999 -9999 -9999 -9999 -9999 -9999 -9999 -9999 -9999 -9999 -9999
27.81667 27.83333 27.825 27.8125 27.75417 27.775 27.80833 27.825 27.84167 27.89583 27.90833 27.9625 27.97917 27.94167 27.94583 27.94583 27.94583 27.85 27.7625 27.78333 27.775 27.78333 27.8 27.81667 27.80417 27.7875 27.84583 27.7875 27.7625 27.74167 27.74167 27.71667 27.7 27.68333 27.60417 27.52917 27.52917 27.58333 27.65 27.61667 27.63333 27.7 27.74583 27.74167 27.7125 27.68333 27.5875 27.52917 27.34167 27.3625 27.25417 27.34583 -9999 -9999 -9999 -9999 -9999 -9999 -9999 -9999 -9999 -9999 -9999 -9999 -9999 -9999 -9999
27.79167 27.76667 27.74583 27.74583 27.75833 27.81667 27.86667 27.89167 27.90833 27.95833 27.96667 27.9875 27.98333 27.95833 27.96667 27.96667 27.94583 27.93333 27.85833 27.78333 27.78333 27.79583 27.80833 27.7875 27.77917 27.75833 27.775 27.75833 27.70417 27.65833 27.65833 27.625 27.6 27.60833 27.59167 27.5875 27.60833 27.59583 27.67083 27.65417 27.62917 27.725 27.74583 27.69167 27.68333 27.66667 27.625 27.56667 27.3 27.3 27.11667 27.2375 27.3375 -9999 -9999 -9999 -9999 -9999 -9999 -9999 -9999 -9999 -9999 -9999 -9999 -9999 -9999
27.80417 27.79167 27.82083 27.84167 27.7875 27.88333 27.92917 27.94583 27.96667 27.98333 27.97917 27.9875 28.00417 27.975 27.96667 27.97083 27.9 27.87083 27.9 27.87917 27.86667 27.85833 27.80833 27.775 27.7625 27.74583 27.725 27.69167 27.675 27.65 27.62083 27.58333 27.5625 27.575 27.61667 27.6125 27.625 27.65 27.6875 27.6625 27.6375 27.73333 27.7625 27.68333 27.60417 27.59167 27.6 27.5625 27.275 27.26667 27.1875 27.2875 27.27083 27.17083 -9999 -9999 -9999 -9999 -9999 -9999 -9999 -9999 -9999 -9999 -9999 -9999 -9999
27.85417 27.87083 27.89167 27.9125 27.87917 27.93333 27.94583 27.95 28.00417 28.00833 28.00833 27.99167 28.0125 27.975 27.9875 27.95 27.84167 27.76667 27.82083 27.83333 27.83333 27.82083 27.7875 27.75833 27.74583 27.71667 27.675 27.675 27.6375 27.6625 27.65 27.62083 27.625 27.65833 27.67917 27.65833 27.6375 27.69167 27.725 27.65417 27.65833 27.7625 27.77917 27.725 27.64583 27.64583 27.575 27.4625 27.24167 27.26667 27.25 27.34583 27.26667 27.12917 -9999 -9999 -9999 -9999 -9999 -9999 -9999 -9999 -9999 -9999 -9999 -9999 -9999
27.85833 27.875 27.8625 27.88333 27.92917 27.95417 27.975 27.99167 28.00833 28.02083 28.04583 28.01667 27.975 27.98333 27.95417 27.9125 27.7875 27.73333 27.74583 27.75833 27.76667 27.76667 27.7625 27.74583 27.7375 27.74583 27.75417 27.74583 27.65417 27.68333 27.72083 27.6625 27.65833 27.66667 27.7 27.7125 27.65833 27.72083 27.74583 27.70417 27.72083 27.775 27.725 27.725 27.725 27.70833 27.625 27.375 27.30417 27.3625 27.31667 27.37917 27.3125 -9999 -9999 -9999 -9999 -9999 -9999 -9999 -9999 -9999 -9999 -9999 -9999 -9999 -9999
27.825 27.8125 27.84167 27.89167 27.88333 27.87083 27.9 27.89583 27.94167 27.99167 28.01667 28.00417 27.925 27.875 27.80417 27.775 27.72917 27.73333 27.72083 27.71667 27.71667 27.725 27.7375 27.7375 27.84167 27.8875 27.85 27.825 27.74167 27.74167 27.79167 27.72917 27.7 27.67083 27.72917 27.72917 27.6875 27.70417 27.75833 27.76667 27.7625 27.725 27.6375 27.6375 27.64167 27.71667 27.65 27.47083 27.34583 27.41667 27.38333 27.4 27.33333 -9999 -9999 -9999 -9999 -9999 -9999 -9999 -9999 -9999 -9999 -9999 -9999 -9999 -9999
27.76667 27.83333 27.8625 27.82917 27.79583 27.79167 27.8 27.8125 27.8875 27.9875 28.02917 28.00417 27.9375 27.83333 27.72083 27.70417 27.70417 27.74167 27.75417 27.7125 27.70417 27.71667 27.75833 27.76667 27.80417 27.9 27.89583 27.85417 27.78333 27.80417 27.82917 27.75417 27.72083 27.67083 27.75 27.7875 27.76667 27.77917 27.77917 27.725 27.72083 27.66667 27.575 27.46667 27.5125 27.65833 27.63333 27.45 27.37917 27.42917 27.44583 27.45417 -9999 -9999 -9999 -9999 -9999 -9999 -9999 -9999 -9999 -9999 -9999 -9999 -9999 -9999 -9999
