bio16.asc
ncols         536
nrows         773
xllcorner     -3.262084961
yllcorner     4.7407226560001
cellsize      0.0083253775074627
NODATA_value  -9999
[rows 160 to 199 of 773, columns 89 to 177 of 536]
555 555 553 554 555 555 553 554 555 555 556 557 558 557 557 555 553 553 553 552 554 556 556 555 556 555 552 552 552 554 555 553 553 553 553 553 553 554 556 556 557 561 561 558 558 558 559 560 559 564 564 563 563 566 566 566 563 564 567 566 565 565 568 565 562 559 558 557 556 556 558 556 559 563 563 561 557 555 553 554 553 552 553 550 550 551 553 554 553
553 552 552 554 552 552 552 553 554 554 555 556 557 557 556 554 555 555 554 553 552 552 553 553 555 554 553 551 550 551 553 553 552 551 551 552 553 555 555 555 556 559 558 557 555 557 557 557 559 563 561 562 563 564 565 563 561 563 563 562 564 567 566 565 560 559 556 556 556 557 558 557 561 564 558 555 554 553 552 552 550 551 551 551 552 553 554 554 554
552 550 552 552 553 552 553 554 554 554 555 556 557 557 557 556 556 554 553 551 551 552 552 552 555 552 553 552 551 550 551 552 551 550 552 553 554 554 555 555 556 557 556 555 553 555 555 555 557 560 560 559 560 561 562 561 559 559 559 560 564 561 561 558 559 559 556 556 556 560 556 555 556 555 554 553 550 552 552 551 551 551 555 555 554 553 555 555 557
551 551 551 552 554 554 554 555 555 554 555 557 558 557 556 555 555 553 553 550 550 549 550 553 553 553 551 550 549 550 550 549 550 551 552 551 551 554 554 554 556 555 553 553 551 552 552 553 556 559 558 556 558 558 560 558 556 556 557 557 558 557 557 559 558 558 558 558 559 560 560 555 553 552 552 551 551 554 553 555 553 551 552 556 559 559 556 558 561
551 552 552 551 552 553 555 555 555 555 555 557 558 555 554 556 553 553 551 551 553 550 549 551 551 551 551 551 550 548 549 548 550 552 551 550 552 554 555 555 555 552 553 552 551 550 552 554 556 558 558 555 555 556 556 555 555 554 553 555 554 555 556 561 559 559 559 558 558 559 559 556 556 555 554 551 554 557 554 553 552 552 554 554 557 563 560 561 560
550 551 552 552 552 552 552 555 556 557 556 555 555 555 554 554 554 553 554 554 552 550 548 548 550 551 550 549 550 548 547 548 550 550 548 549 550 552 553 554 555 552 552 549 549 549 552 554 553 555 555 555 552 555 557 554 553 553 551 551 553 556 556 557 557 557 557 555 557 558 557 558 560 555 552 553 556 554 553 552 552 552 554 554 560 563 563 560 558
549 549 550 551 553 554 553 554 556 556 555 552 555 554 555 552 553 552 554 554 551 551 548 546 548 548 549 550 549 549 548 548 551 550 548 549 549 549 551 553 555 554 551 549 547 549 551 551 551 553 552 551 553 556 559 553 552 552 550 552 554 555 554 553 553 554 554 555 556 557 555 555 556 553 552 556 557 554 556 551 552 554 554 560 563 563 561 561 558
548 548 548 550 551 553 554 554 554 553 553 552 552 551 552 553 550 549 551 553 550 548 548 546 546 547 548 548 549 548 547 546 548 548 548 548 549 551 552 550 553 553 550 549 548 547 548 548 550 553 553 550 551 552 552 551 550 549 549 550 553 553 553 551 551 552 554 557 556 556 554 553 552 551 555 558 557 557 554 554 555 557 559 564 562 562 561 560 558
549 548 549 551 551 552 554 555 552 552 551 550 551 551 549 551 551 549 549 549 550 549 548 546 546 546 547 546 547 547 546 544 546 548 546 548 549 551 551 549 551 553 551 549 547 546 545 546 548 550 553 554 549 549 549 549 549 548 549 551 551 551 551 550 551 553 553 556 559 557 555 557 556 554 559 560 559 557 554 555 562 563 562 562 562 562 561 559 557
549 549 550 550 552 552 552 554 553 552 552 550 549 549 549 548 550 551 549 547 548 548 547 546 547 544 542 542 544 544 545 544 545 547 546 547 546 548 548 550 549 550 548 549 548 547 546 544 544 549 549 548 548 547 546 547 547 547 549 550 549 550 548 548 551 553 555 557 560 557 554 553 555 558 559 559 558 556 555 561 563 563 561 560 562 561 560 558 557
548 549 550 551 551 552 551 551 551 551 550 549 547 548 548 547 548 549 548 547 544 547 547 544 544 542 541 541 542 543 542 543 545 547 546 545 546 549 550 551 549 547 546 546 547 547 545 549 548 545 545 545 547 547 546 545 545 547 550 549 546 547 547 550 552 557 557 556 555 554 552 552 552 556 558 558 557 558 563 562 562 562 562 559 561 558 559 556 555
549 550 550 549 550 551 550 550 549 548 549 550 548 547 547 546 545 547 545 544 543 544 545 542 542 542 542 543 543 541 542 542 543 546 544 543 544 547 547 547 546 546 545 545 546 548 548 551 547 542 542 543 544 546 546 545 544 546 548 546 545 547 547 549 551 554 556 556 555 555 558 553 551 555 558 555 557 559 563 562 561 561 561 560 559 558 557 555 554
550 549 551 551 551 550 549 548 547 548 549 548 547 546 546 546 544 544 544 544 544 542 543 543 543 543 546 544 542 542 542 541 543 545 543 541 544 546 545 545 546 544 544 543 547 547 546 545 544 541 541 542 543 543 543 544 541 544 545 543 545 545 546 549 548 549 552 557 556 555 556 552 549 552 553 554 557 556 562 561 560 559 559 558 558 556 554 553 551
549 550 550 550 551 549 547 546 545 546 547 548 546 545 546 545 545 545 544 545 544 544 544 543 545 546 544 544 544 543 542 541 542 541 540 540 543 545 543 542 544 543 542 543 544 543 543 543 542 541 541 540 541 543 540 539 541 542 542 542 544 543 546 546 546 548 552 554 555 551 550 549 547 548 550 553 555 553 561 561 559 558 557 556 556 553 553 553 553
547 549 551 551 550 549 549 548 548 546 546 545 545 545 546 546 546 544 543 545 545 545 544 544 546 546 544 545 545 544 541 541 538 540 540 540 542 542 540 541 543 544 541 540 541 541 541 540 540 540 538 538 539 539 539 539 542 540 541 541 544 543 546 544 546 548 548 550 550 552 549 547 548 547 549 552 553 551 560 560 558 557 556 555 555 553 552 553 553
548 549 549 551 550 550 548 547 548 546 544 543 545 545 546 545 544 544 544 546 547 546 546 545 545 544 543 543 543 541 540 539 539 540 539 537 539 539 539 540 541 542 540 539 539 539 540 540 539 538 538 537 538 538 538 540 541 539 539 541 542 541 543 543 544 544 547 549 549 550 550 550 548 548 548 549 551 550 557 559 557 555 554 553 552 554 553 553 554
547 548 549 550 549 549 548 547 545 544 543 544 545 546 545 545 544 545 543 546 547 546 545 544 543 543 542 540 540 540 540 539 540 542 541 540 538 538 536 537 540 540 540 538 537 538 537 538 538 536 536 536 535 536 539 540 540 539 539 540 541 540 541 542 544 545 549 549 546 547 549 552 549 545 545 547 550 552 556 556 555 555 552 552 552 553 553 556 556
545 546 546 548 548 549 546 546 544 545 543 546 545 547 545 546 546 545 546 548 547 546 544 544 543 541 540 540 542 540 540 540 541 540 539 539 539 539 536 536 537 538 538 538 537 536 536 536 535 535 535 536 536 536 537 539 537 537 538 540 538 538 540 542 544 545 547 548 548 545 546 547 547 545 544 548 548 552 556 553 553 553 551 551 553 553 556 556 556
546 546 547 549 550 549 546 546 545 545 542 546 546 545 544 546 546 546 547 546 545 546 545 544 543 541 540 541 541 539 540 540 538 538 536 537 536 534 537 536 535 535 535 538 535 535 534 534 534 534 534 534 534 534 537 537 536 536 537 537 537 538 539 541 543 543 547 548 547 545 544 545 544 543 544 549 549 551 556 554 553 552 550 552 552 550 555 556 560
547 547 546 547 548 548 546 546 544 544 544 543 547 546 545 545 545 546 544 544 544 543 543 542 541 542 542 544 542 540 537 536 536 535 536 534 534 535 534 535 534 534 534 534 534 534 534 535 535 533 533 534 533 534 535 536 536 535 537 535 537 538 539 540 542 542 547 547 546 544 542 542 544 542 542 547 547 547 555 553 552 551 551 549 550 550 552 556 566
547 548 547 548 548 548 545 543 544 543 544 543 545 546 547 544 544 542 543 542 542 542 542 543 542 541 543 542 540 538 537 537 537 534 534 534 536 533 535 536 536 536 534 533 533 533 533 535 535 535 534 534 534 534 533 533 535 534 536 535 537 538 538 540 540 540 543 545 545 544 543 541 542 543 541 544 544 546 552 552 550 549 550 548 549 550 554 568 575
544 548 546 547 548 548 545 545 546 543 544 543 544 546 544 544 543 542 542 542 542 542 542 542 540 542 542 541 540 538 538 536 534 533 535 535 536 534 534 536 538 536 534 533 534 534 534 535 535 534 536 535 534 534 534 533 533 533 533 534 535 536 539 539 539 540 542 545 544 543 542 541 540 540 541 540 542 544 551 553 549 547 547 547 548 548 554 569 575
543 545 544 546 547 545 545 545 546 545 545 544 546 547 544 542 542 542 542 544 541 541 541 540 539 540 538 538 537 537 537 534 532 534 534 534 535 534 535 536 540 536 535 533 534 537 536 536 535 535 534 534 534 535 535 534 535 534 533 533 534 535 536 537 538 540 540 543 541 541 542 542 542 540 541 540 539 542 550 551 549 549 546 546 547 547 551 565 572
541 542 543 545 545 544 543 544 546 547 546 545 546 546 545 543 542 541 543 542 540 540 539 538 536 537 537 538 537 536 535 533 533 534 534 534 536 537 535 536 538 536 534 533 535 535 536 537 535 535 534 534 534 535 535 535 535 535 535 533 533 534 535 536 539 540 541 541 540 541 544 543 541 539 538 538 538 540 549 549 548 547 547 545 545 546 548 552 564
541 541 543 544 543 543 542 542 544 545 545 543 542 544 543 543 542 543 542 542 540 539 538 537 536 535 534 535 537 533 533 533 534 534 535 534 535 536 535 535 535 535 534 533 535 537 537 535 535 534 533 533 534 536 537 535 535 536 533 533 534 534 535 535 537 538 538 538 537 538 542 543 539 536 537 537 539 546 550 548 546 545 545 544 544 545 546 548 553
539 542 542 544 542 542 540 541 543 544 543 541 539 542 544 542 541 541 540 541 540 538 538 538 535 534 534 532 533 533 533 534 535 533 535 534 534 537 537 537 537 535 533 534 535 535 535 534 533 534 532 533 533 535 537 537 536 534 532 532 531 531 533 534 536 538 536 536 536 537 543 540 537 536 535 539 538 543 548 548 546 545 544 543 543 544 545 548 548
538 540 540 542 540 539 539 540 542 542 542 541 538 541 542 540 540 539 539 540 539 537 535 536 535 533 534 532 532 533 533 534 535 534 535 535 535 536 536 537 536 535 535 535 533 534 534 533 532 532 532 532 533 536 537 536 533 533 536 533 533 532 532 533 536 536 535 534 533 536 538 539 536 534 535 537 538 542 546 546 544 543 541 541 541 541 543 544 548
536 537 540 540 539 540 541 540 541 540 540 540 539 539 540 540 538 538 537 537 536 534 534 532 532 531 531 532 533 533 534 534 536 536 535 536 535 537 537 535 535 535 535 537 534 533 532 532 531 531 532 533 534 537 537 535 534 534 536 532 531 531 532 533 535 535 535 533 533 533 536 536 534 534 536 537 537 541 547 547 544 542 541 540 541 541 541 545 549
536 537 539 538 538 539 540 541 541 541 538 539 538 539 539 537 537 536 535 534 534 535 535 532 530 531 531 532 532 533 534 534 533 536 535 536 536 536 534 534 534 534 533 535 533 533 532 530 531 531 533 534 536 535 535 535 534 534 535 533 531 530 532 532 535 535 533 532 531 533 534 532 532 533 537 539 537 542 545 545 542 542 539 539 540 540 541 542 559
535 536 536 537 537 539 541 541 541 540 540 538 536 537 539 537 535 536 536 534 532 531 531 529 531 531 531 534 531 533 536 533 534 535 534 534 535 534 533 532 532 531 531 531 530 530 530 530 530 531 533 533 534 533 534 532 532 531 533 531 530 530 530 533 535 533 532 531 533 535 532 531 531 534 537 537 536 542 543 544 543 541 539 537 537 540 545 551 560
534 534 533 535 538 538 540 541 539 537 536 536 536 538 539 538 536 536 536 533 531 530 531 531 532 530 533 533 531 532 534 535 535 534 533 534 532 532 533 532 531 530 530 529 529 531 531 531 530 532 535 533 532 531 531 531 531 530 530 528 528 528 528 530 531 531 529 531 533 534 532 530 531 535 536 535 533 537 538 539 540 538 536 537 539 547 557 563 564
532 534 535 534 538 538 539 540 540 538 535 534 535 536 538 537 535 535 534 534 532 530 531 532 532 533 532 533 532 532 533 533 536 535 533 532 531 532 532 534 531 531 531 532 533 531 530 529 529 531 533 533 533 532 532 529 529 529 530 529 530 529 528 529 528 528 528 530 534 535 531 529 530 534 535 533 531 533 534 534 535 534 535 539 544 560 563 565 564
532 534 536 534 534 534 537 539 538 537 536 535 533 535 536 537 535 533 532 531 531 532 531 533 533 533 531 533 533 533 532 533 535 534 534 532 532 534 533 532 532 532 531 531 531 531 530 529 529 531 530 530 531 530 530 529 532 533 530 531 530 530 531 531 530 529 529 530 533 535 531 531 529 530 533 533 531 529 530 530 532 535 538 541 546 548 562 565 565
531 532 535 531 534 534 536 538 535 536 535 534 533 534 534 534 533 532 531 530 531 532 533 535 534 533 531 534 533 532 534 534 535 534 532 534 535 534 534 533 532 532 533 534 533 531 530 528 530 530 529 528 529 530 529 531 535 533 530 531 529 530 531 530 530 531 529 530 531 531 529 528 528 528 530 530 529 527 529 532 535 535 536 537 539 544 558 564 566
531 531 531 531 533 535 537 537 535 533 533 532 533 533 533 533 532 530 530 532 533 533 535 537 534 533 533 532 532 533 533 534 534 534 534 536 536 534 533 532 533 533 532 532 530 530 529 528 530 531 529 528 529 531 530 531 534 532 532 531 530 532 531 531 530 529 529 528 529 529 528 526 527 527 527 529 528 527 527 530 531 532 533 536 538 545 555 562 562
530 531 530 531 532 533 535 535 535 534 532 530 530 533 533 532 532 532 530 530 531 531 534 536 535 534 533 532 533 534 532 534 534 535 536 537 534 534 532 532 534 532 532 532 529 530 529 530 530 528 528 528 529 529 530 531 535 532 532 531 531 532 531 528 528 529 528 528 526 527 527 527 528 529 529 529 527 526 526 529 532 535 534 536 541 552 562 562 562
528 530 532 532 531 532 533 532 532 532 532 529 530 531 531 533 532 532 531 531 532 532 533 535 536 536 533 532 535 534 534 535 536 535 537 536 534 534 534 533 532 530 530 530 530 529 529 530 529 527 527 528 529 530 530 532 533 532 535 532 532 531 530 528 528 526 526 527 526 528 527 528 530 531 529 529 526 526 526 527 532 534 533 539 556 557 558 560 561
528 531 532 530 530 532 533 531 529 528 529 529 531 531 531 532 534 533 532 532 532 531 534 535 538 536 533 533 534 535 536 537 539 536 536 534 533 532 532 531 531 530 531 531 531 529 530 531 528 528 527 528 529 530 530 531 533 536 533 529 530 530 527 527 526 528 526 527 528 530 530 531 532 530 528 530 527 525 525 527 532 532 531 533 541 544 550 556 560
529 530 530 528 530 530 532 530 530 528 527 527 529 528 531 531 532 532 533 533 534 533 536 537 537 536 533 534 534 536 536 535 535 535 536 536 533 535 535 535 534 533 531 531 529 528 530 530 527 526 526 528 528 530 530 532 534 534 532 531 529 529 529 528 527 526 527 528 531 533 533 532 531 529 532 536 533 529 526 526 526 528 528 529 531 534 542 556 556
528 529 529 527 528 530 532 529 528 526 526 525 528 530 530 528 529 529 531 532 534 535 536 536 535 535 536 535 536 537 537 537 537 537 537 536 535 534 533 533 532 529 529 528 528 531 530 528 526 528 528 528 528 530 530 531 532 533 535 533 531 530 529 529 528 528 527 529 531 532 531 531 531 530 529 532 533 528 526 526 526 525 527 528 529 534 544 553 553
