bio12.asc
ncols         536
nrows         773
xllcorner     -3.262084961
yllcorner     4.7407226560001
cellsize      0.0083253775074627
NODATA_value  -9999
[rows 333 to 369 of 773, columns 82 to 163 of 536]
-9999 -9999 -9999 -9999 -9999 -9999 -9999 1047 1047 1051 1051 1052 1053 1048 1048 1053 1052 1050 1045 1039 1036 1030 1017 1013 1013 1016 1021 1013 1017 1029 1023 1020 1024 1027 1028 1033 1038 1047 1050 1054 1046 1047 1052 1056 1051 1054 1063 1068 1067 1065 1060 1058 1061 1051 1041 1052 1053 1045 1049 1046 1057 1068 1072 1069 1066 1069 1071 1071 1073 1072 1071 1073 1074 1073 1073 1069 1067 1067 1066 1067 1066 1065
-9999 -9999 -9999 -9999 -9999 -9999 -9999 -9999 1049 1050 1055 1056 1053 1049 1054 1051 1049 1046 1042 1037 1035 1033 1031 1038 1035 1031 1034 1023 1020 1024 1017 1019 1025 1025 1029 1035 1041 1051 1051 1054 1051 1049 1057 1060 1061 1065 1068 1070 1069 1064 1063 1060 1063 1060 1051 1057 1064 1057 1054 1056 1066 1068 1071 1066 1069 1073 1075 1071 1074 1072 1072 1074 1075 1074 1071 1069 1068 1069 1070 1069 1067 1066
-9999 -9999 -9999 -9999 -9999 -9999 -9999 -9999 1050 1054 1056 1055 1056 1052 1054 1052 1051 1048 1048 1048 1048 1046 1041 1046 1044 1043 1039 1037 1034 1021 1003 1014 1023 1025 1026 1036 1041 1050 1055 1055 1060 1058 1061 1064 1068 1070 1069 1070 1070 1068 1064 1064 1069 1070 1067 1070 1071 1070 1069 1070 1069 1070 1070 1070 1074 1076 1078 1074 1073 1073 1072 1073 1073 1074 1072 1071 1070 1070 1068 1070 1068 1063
-9999 -9999 -9999 -9999 -9999 -9999 -9999 -9999 1049 1057 1055 1054 1053 1054 1057 1054 1051 1049 1051 1049 1047 1034 1030 1042 1043 1040 1037 1036 1041 1028 1000 1010 1023 1025 1028 1036 1042 1045 1053 1055 1058 1059 1064 1064 1069 1073 1071 1070 1071 1069 1066 1066 1070 1073 1074 1074 1076 1074 1072 1073 1076 1076 1075 1073 1078 1078 1074 1073 1072 1072 1073 1072 1073 1074 1075 1073 1075 1073 1073 1072 1065 1060
-9999 -9999 -9999 -9999 -9999 -9999 -9999 -9999 1052 1056 1056 1054 1054 1055 1058 1054 1050 1048 1053 1052 1046 1035 1039 1042 1045 1046 1049 1044 1045 1039 1019 1012 1021 1026 1031 1036 1041 1042 1044 1048 1054 1058 1062 1065 1069 1076 1073 1069 1070 1069 1070 1071 1075 1079 1080 1080 1081 1078 1074 1076 1076 1078 1077 1078 1076 1077 1077 1076 1072 1073 1073 1072 1070 1072 1072 1073 1075 1073 1070 1066 1067 1062
-9999 -9999 -9999 -9999 -9999 -9999 -9999 -9999 1055 1056 1057 1055 1054 1056 1052 1048 1050 1054 1054 1050 1049 1046 1043 1040 1038 1041 1044 1050 1050 1043 1029 1007 1005 1016 1031 1038 1038 1038 1043 1057 1062 1070 1069 1074 1074 1073 1073 1072 1070 1072 1075 1081 1077 1078 1077 1079 1082 1082 1080 1077 1074 1078 1079 1075 1075 1075 1075 1077 1074 1074 1071 1072 1069 1070 1072 1072 1074 1074 1071 1071 1073 1065
-9999 -9999 -9999 -9999 -9999 -9999 -9999 -9999 -9999 1059 1057 1058 1054 1051 1049 1048 1053 1055 1054 1054 1051 1052 1041 1036 1042 1040 1040 1049 1048 1044 1039 1020 1007 1016 1027 1033 1041 1045 1050 1062 1064 1068 1069 1068 1077 1074 1071 1066 1068 1071 1072 1078 1079 1076 1077 1077 1078 1078 1077 1079 1075 1074 1076 1074 1074 1073 1073 1077 1077 1075 1072 1072 1071 1073 1070 1072 1076 1077 1075 1071 1072 1069
-9999 -9999 -9999 -9999 -9999 -9999 -9999 -9999 -9999 1061 1061 1060 1054 1049 1049 1049 1053 1055 1054 1056 1054 1054 1050 1043 1049 1048 1048 1047 1045 1042 1043 1028 1015 1019 1028 1042 1042 1044 1051 1053 1059 1062 1064 1070 1077 1063 1062 1063 1066 1066 1069 1075 1081 1078 1079 1078 1076 1071 1068 1064 1071 1075 1076 1075 1074 1073 1073 1075 1077 1075 1071 1071 1071 1070 1071 1073 1074 1074 1077 1073 1073 1071
-9999 -9999 -9999 -9999 -9999 -9999 -9999 -9999 -9999 1058 1058 1055 1053 1053 1052 1051 1053 1054 1055 1055 1053 1054 1057 1056 1054 1056 1049 1046 1047 1054 1053 1044 1028 1020 1015 1027 1036 1043 1047 1055 1060 1067 1081 1070 1056 1054 1058 1059 1063 1066 1070 1074 1082 1080 1078 1078 1076 1071 1067 1056 1063 1074 1075 1073 1071 1071 1072 1075 1075 1076 1072 1070 1070 1071 1073 1072 1073 1075 1076 1077 1076 1075
-9999 -9999 -9999 -9999 -9999 -9999 -9999 -9999 -9999 1062 1059 1056 1057 1056 1052 1054 1055 1055 1056 1057 1058 1055 1059 1057 1055 1054 1050 1051 1057 1058 1049 1044 1040 1031 1014 1015 1035 1048 1048 1055 1078 1069 1061 1051 1053 1054 1059 1065 1067 1072 1073 1079 1082 1084 1086 1082 1078 1072 1066 1054 1063 1074 1077 1076 1078 1075 1073 1072 1074 1072 1072 1072 1070 1075 1074 1071 1073 1073 1074 1077 1077 1077
-9999 -9999 -9999 -9999 -9999 -9999 -9999 -9999 -9999 1063 1063 1061 1062 1056 1055 1057 1061 1057 1057 1062 1065 1060 1055 1056 1056 1056 1066 1065 1066 1055 1047 1047 1050 1048 1027 1015 1039 1053 1071 1089 1076 1053 1051 1049 1052 1058 1064 1066 1071 1071 1075 1077 1081 1090 1090 1086 1079 1078 1073 1057 1060 1068 1078 1079 1080 1078 1078 1073 1071 1072 1075 1074 1075 1075 1075 1075 1075 1073 1074 1072 1081 1082
-9999 -9999 -9999 -9999 -9999 -9999 -9999 -9999 -9999 1063 1063 1065 1064 1057 1056 1058 1064 1059 1059 1064 1066 1060 1061 1064 1072 1076 1063 1066 1067 1048 1046 1047 1049 1046 1034 1009 1030 1065 1055 1057 1051 1049 1046 1047 1057 1077 1086 1067 1063 1066 1074 1080 1082 1088 1087 1087 1082 1082 1079 1071 1070 1073 1077 1078 1078 1078 1076 1075 1074 1075 1076 1076 1075 1079 1079 1077 1077 1077 1074 1075 1079 1084
-9999 -9999 -9999 -9999 -9999 -9999 -9999 -9999 -9999 1065 1069 1067 1062 1056 1054 1057 1059 1062 1066 1068 1063 1069 1072 1078 1079 1066 1060 1053 1050 1049 1048 1051 1052 1057 1045 1014 1007 1030 1042 1045 1045 1045 1050 1075 1091 1088 1061 1057 1060 1065 1083 1080 1080 1085 1083 1086 1086 1084 1086 1085 1083 1081 1078 1078 1079 1077 1080 1079 1077 1076 1075 1075 1074 1076 1079 1080 1076 1076 1079 1076 1080 1087
-9999 -9999 -9999 -9999 -9999 -9999 -9999 -9999 -9999 1064 1067 1065 1062 1058 1059 1056 1060 1061 1063 1069 1075 1076 1083 1072 1069 1065 1058 1055 1057 1052 1053 1062 1065 1066 1048 1028 1018 1026 1039 1043 1040 1045 1087 1096 1075 1051 1053 1056 1062 1070 1082 1076 1079 1086 1080 1082 1088 1091 1089 1085 1083 1080 1079 1078 1078 1078 1077 1077 1078 1076 1076 1075 1073 1073 1074 1073 1073 1078 1076 1078 1079 1085
-9999 -9999 -9999 -9999 -9999 -9999 -9999 -9999 -9999 1065 1066 1066 1065 1061 1061 1058 1062 1065 1066 1073 1082 1075 1068 1065 1063 1062 1057 1054 1051 1055 1052 1056 1076 1054 1049 1052 1048 1044 1049 1045 1044 1038 1064 1053 1047 1048 1052 1062 1063 1070 1079 1073 1084 1073 1078 1085 1090 1086 1084 1078 1075 1076 1076 1080 1080 1080 1073 1067 1072 1077 1077 1080 1075 1076 1074 1073 1071 1071 1066 1073 1076 1083
-9999 -9999 -9999 -9999 -9999 -9999 -9999 -9999 -9999 -9999 1064 1066 1068 1064 1062 1065 1064 1068 1070 1078 1082 1070 1061 1062 1061 1057 1054 1053 1055 1063 1075 1072 1071 1054 1052 1050 1054 1057 1058 1069 1067 1024 1028 1049 1050 1051 1055 1063 1062 1070 1072 1070 1084 1072 1079 1085 1090 1086 1081 1069 1059 1054 1059 1074 1074 1076 1069 1057 1066 1076 1080 1081 1080 1078 1080 1076 1073 1072 1067 1065 1073 1081
-9999 -9999 -9999 -9999 -9999 -9999 -9999 -9999 -9999 -9999 1067 1073 1077 1070 1063 1064 1066 1068 1074 1070 1075 1070 1062 1065 1060 1056 1056 1061 1064 1082 1066 1062 1056 1052 1053 1055 1057 1060 1062 1066 1059 1036 1024 1045 1047 1051 1056 1062 1064 1073 1063 1072 1069 1071 1078 1081 1088 1088 1084 1080 1065 1053 1058 1070 1070 1063 1066 1059 1059 1074 1080 1082 1080 1079 1079 1076 1072 1072 1061 1064 1076 1080
-9999 -9999 -9999 -9999 -9999 -9999 -9999 -9999 -9999 -9999 1069 1074 1073 1075 1066 1072 1073 1075 1080 1068 1066 1064 1065 1065 1061 1060 1063 1070 1069 1076 1063 1057 1056 1054 1055 1063 1063 1065 1069 1067 1062 1048 1029 1035 1048 1051 1057 1059 1062 1068 1059 1076 1063 1070 1076 1078 1083 1086 1083 1087 1079 1067 1074 1075 1074 1065 1073 1065 1058 1066 1077 1076 1075 1076 1077 1079 1080 1081 1080 1080 1081 1080
-9999 -9999 -9999 -9999 -9999 -9999 -9999 -9999 -9999 -9999 1072 1071 1073 1076 1072 1076 1074 1074 1068 1070 1063 1065 1065 1066 1064 1064 1068 1073 1067 1061 1055 1057 1058 1057 1060 1068 1069 1066 1067 1069 1070 1066 1052 1048 1051 1054 1056 1059 1063 1063 1060 1068 1067 1073 1077 1082 1086 1081 1081 1086 1083 1078 1079 1081 1082 1081 1081 1075 1068 1077 1077 1077 1075 1073 1076 1077 1079 1080 1081 1084 1083 1083
-9999 -9999 -9999 -9999 -9999 -9999 -9999 -9999 -9999 -9999 1069 1069 1071 1075 1071 1073 1073 1069 1065 1065 1065 1065 1064 1069 1066 1068 1073 1073 1070 1056 1058 1072 1064 1059 1065 1070 1068 1068 1072 1068 1065 1062 1058 1052 1054 1055 1058 1063 1064 1061 1058 1064 1077 1079 1080 1086 1088 1085 1085 1087 1085 1075 1079 1084 1082 1084 1083 1083 1079 1080 1081 1079 1078 1078 1077 1077 1081 1080 1083 1084 1085 1088
-9999 -9999 -9999 -9999 -9999 -9999 -9999 -9999 -9999 -9999 1069 1070 1073 1072 1069 1072 1072 1072 1070 1068 1065 1067 1069 1068 1068 1070 1073 1073 1064 1060 1077 1083 1063 1062 1069 1069 1073 1077 1071 1068 1067 1058 1042 1041 1053 1053 1054 1059 1060 1059 1063 1081 1074 1079 1085 1090 1091 1088 1085 1085 1083 1079 1080 1081 1081 1075 1073 1074 1081 1077 1069 1070 1072 1075 1070 1070 1072 1072 1077 1082 1084 1085
-9999 -9999 -9999 -9999 -9999 -9999 -9999 -9999 -9999 -9999 1065 1066 1071 1070 1070 1074 1075 1070 1067 1068 1068 1070 1070 1069 1073 1077 1080 1086 1067 1071 1088 1065 1065 1066 1072 1075 1079 1079 1072 1068 1064 1060 1038 1016 1031 1036 1041 1034 1044 1052 1068 1076 1070 1072 1082 1085 1087 1090 1089 1088 1088 1087 1083 1080 1079 1068 1071 1074 1080 1079 1069 1072 1069 1064 1059 1057 1061 1061 1074 1080 1084 1086
-9999 -9999 -9999 -9999 -9999 -9999 -9999 -9999 -9999 -9999 1065 1066 1064 1069 1072 1071 1072 1070 1069 1070 1069 1071 1073 1073 1077 1077 1091 1072 1072 1083 1071 1071 1069 1069 1077 1078 1075 1072 1073 1072 1069 1066 1064 1048 1041 1050 1062 1033 1039 1053 1060 1065 1067 1069 1074 1083 1085 1088 1086 1085 1085 1087 1087 1080 1080 1068 1069 1081 1084 1078 1065 1065 1064 1057 1058 1059 1062 1065 1075 1079 1087 1088
-9999 -9999 -9999 -9999 -9999 -9999 -9999 -9999 -9999 -9999 1061 1059 1066 1067 1071 1068 1073 1071 1072 1068 1070 1071 1076 1092 1082 1080 1078 1083 1088 1071 1071 1069 1072 1074 1077 1080 1081 1075 1078 1080 1075 1073 1071 1067 1064 1069 1067 1051 1043 1054 1057 1065 1066 1069 1076 1082 1083 1084 1084 1084 1089 1089 1086 1081 1082 1078 1074 1075 1080 1082 1074 1073 1062 1056 1062 1068 1073 1073 1079 1084 1086 1088
-9999 -9999 -9999 -9999 -9999 -9999 -9999 -9999 -9999 1064 1066 1061 1060 1065 1070 1068 1073 1069 1066 1068 1072 1073 1085 1093 1083 1073 1086 1095 1072 1072 1072 1075 1079 1081 1083 1085 1083 1082 1081 1081 1082 1077 1072 1068 1074 1074 1069 1053 1040 1057 1059 1064 1067 1069 1075 1085 1083 1085 1086 1084 1087 1086 1088 1086 1086 1080 1078 1076 1076 1076 1081 1081 1073 1065 1069 1077 1078 1078 1084 1083 1086 1091
-9999 -9999 -9999 -9999 -9999 -9999 -9999 1065 1067 1068 1069 1069 1063 1063 1067 1067 1072 1070 1071 1067 1071 1074 1087 1080 1068 1078 1096 1078 1076 1077 1078 1082 1079 1079 1083 1084 1084 1087 1082 1081 1079 1079 1079 1078 1080 1079 1065 1045 1039 1056 1058 1064 1068 1070 1077 1084 1084 1083 1084 1083 1085 1085 1087 1084 1086 1080 1076 1080 1081 1076 1081 1082 1081 1073 1072 1081 1081 1081 1083 1086 1086 1089
-9999 -9999 -9999 -9999 -9999 -9999 1064 1065 1063 1063 1063 1066 1063 1062 1066 1066 1070 1072 1074 1068 1072 1075 1076 1072 1076 1107 1082 1077 1079 1081 1082 1083 1082 1078 1078 1080 1080 1085 1081 1079 1078 1076 1078 1078 1077 1074 1064 1037 1035 1055 1059 1064 1068 1072 1080 1083 1083 1083 1083 1084 1084 1084 1085 1084 1086 1083 1082 1085 1086 1084 1082 1082 1082 1081 1080 1080 1079 1080 1082 1090 1091 1094
-9999 -9999 -9999 -9999 1064 1064 1065 1063 1061 1060 1060 1059 1060 1062 1063 1066 1068 1069 1070 1069 1076 1077 1072 1071 1099 1104 1077 1082 1083 1084 1084 1080 1080 1080 1078 1077 1078 1080 1080 1078 1073 1075 1080 1079 1074 1073 1068 1045 1043 1060 1064 1068 1068 1074 1079 1081 1083 1082 1081 1081 1083 1084 1083 1083 1083 1089 1088 1085 1083 1080 1080 1080 1082 1083 1081 1080 1079 1080 1080 1092 1097 1098
-9999 -9999 -9999 -9999 1066 1065 1065 1063 1059 1061 1063 1060 1066 1064 1069 1067 1071 1069 1068 1069 1071 1073 1070 1092 1115 1080 1075 1081 1082 1082 1081 1083 1081 1081 1081 1080 1082 1079 1079 1077 1079 1074 1074 1076 1078 1078 1075 1075 1072 1076 1076 1074 1072 1073 1077 1078 1080 1078 1081 1082 1084 1086 1084 1081 1081 1084 1083 1072 1060 1056 1060 1061 1072 1081 1080 1079 1085 1086 1088 1091 1093 1098
-9999 -9999 -9999 1064 1067 1067 1066 1063 1063 1066 1067 1066 1068 1067 1072 1074 1075 1072 1070 1067 1073 1072 1074 1117 1078 1075 1080 1080 1080 1078 1079 1079 1086 1081 1083 1082 1084 1081 1078 1079 1080 1080 1078 1077 1076 1076 1076 1079 1079 1081 1081 1080 1079 1075 1076 1075 1076 1079 1080 1080 1079 1083 1084 1080 1079 1065 1063 1060 1057 1058 1062 1063 1069 1079 1077 1072 1082 1085 1090 1092 1097 1097
-9999 -9999 -9999 1064 1066 1065 1064 1067 1069 1069 1072 1068 1073 1069 1073 1075 1073 1072 1073 1068 1069 1069 1088 1079 1071 1077 1084 1089 1087 1085 1084 1082 1080 1079 1082 1085 1086 1083 1082 1081 1085 1082 1081 1079 1077 1077 1080 1081 1081 1082 1081 1081 1085 1078 1076 1076 1080 1082 1083 1084 1081 1080 1083 1082 1082 1075 1075 1072 1067 1068 1077 1077 1088 1088 1088 1085 1089 1089 1091 1090 1093 1093
1063 1064 1067 1070 1069 1066 1067 1069 1070 1074 1071 1072 1075 1074 1072 1070 1068 1071 1072 1069 1073 1068 1079 1071 1073 1080 1082 1086 1086 1082 1087 1086 1083 1081 1082 1080 1082 1082 1081 1084 1097 1083 1079 1080 1081 1079 1082 1082 1083 1083 1081 1084 1082 1081 1081 1079 1079 1083 1083 1086 1085 1087 1092 1092 1087 1073 1078 1088 1080 1078 1087 1086 1091 1090 1088 1091 1092 1090 1091 1088 1091 1093
1065 1065 1069 1071 1071 1069 1068 1070 1070 1072 1073 1076 1074 1072 1068 1068 1074 1073 1071 1072 1078 1069 1069 1069 1070 1077 1081 1087 1087 1083 1081 1084 1083 1079 1082 1083 1080 1078 1078 1092 1085 1083 1080 1084 1084 1083 1085 1085 1086 1082 1084 1084 1084 1084 1086 1079 1081 1082 1084 1087 1091 1093 1096 1095 1092 1087 1086 1093 1089 1087 1090 1090 1092 1092 1092 1092 1095 1095 1095 1093 1091 1091
1069 1072 1072 1075 1075 1071 1073 1076 1074 1074 1075 1076 1076 1075 1072 1074 1075 1070 1072 1076 1092 1079 1072 1070 1073 1078 1083 1085 1082 1080 1077 1079 1083 1080 1080 1081 1081 1081 1077 1088 1080 1079 1081 1083 1083 1085 1086 1087 1085 1087 1088 1085 1085 1082 1083 1079 1085 1086 1086 1088 1092 1093 1095 1099 1095 1094 1093 1094 1094 1097 1098 1094 1094 1095 1095 1094 1096 1099 1097 1098 1091 1091
1073 1071 1075 1078 1075 1074 1075 1079 1076 1081 1082 1078 1081 1077 1077 1077 1076 1074 1077 1078 1088 1081 1073 1073 1074 1077 1082 1086 1085 1080 1081 1076 1075 1078 1078 1080 1080 1076 1077 1083 1081 1078 1076 1076 1080 1082 1087 1083 1082 1082 1085 1083 1086 1084 1085 1083 1082 1088 1090 1088 1089 1091 1095 1098 1096 1094 1097 1095 1096 1099 1099 1097 1096 1097 1097 1098 1097 1098 1099 1098 1094 1092
1075 1076 1079 1080 1077 1075 1075 1079 1080 1082 1084 1081 1082 1083 1082 1079 1079 1075 1082 1086 1095 1092 1078 1077 1073 1072 1073 1080 1084 1080 1079 1079 1075 1076 1079 1078 1078 1074 1080 1081 1077 1078 1074 1075 1078 1080 1080 1080 1080 1079 1081 1084 1083 1082 1087 1085 1084 1088 1094 1090 1091 1093 1095 1095 1094 1094 1092 1093 1096 1100 1102 1103 1101 1099 1096 1099 1099 1100 1104 1102 1100 1097
1074 1079 1081 1078 1079 1077 1078 1080 1082 1085 1088 1088 1089 1088 1085 1081 1079 1079 1083 1090 1092 1087 1080 1080 1075 1073 1072 1077 1084 1078 1079 1076 1074 1074 1076 1079 1076 1076 1078 1076 1076 1076 1079 1080 1077 1077 1078 1081 1081 1081 1079 1080 1083 1084 1082 1082 1085 1091 1094 1092 1090 1093 1097 1096 1096 1096 1094 1094 1099 1101 1103 1105 1105 1102 1100 1101 1100 1102 1105 1104 1100 1099
