bio1.asc
ncols         536
nrows         773
xllcorner     -3.262084961
yllcorner     4.7407226560001
cellsize      0.0083253775074627
NODATA_value  -9999
[rows 630 to 659 of 773, columns 402 to 468 of 536]
27.31667 27.3375 27.33333 27.35 27.4 27.45 27.45 27.50833 27.47917 27.4625 27.50833 27.54167 27.54583 27.55833 27.5875 27.6 27.59167 27.60417 27.61667 27.60833 27.5875 27.60417 27.59167 27.56667 27.55833 27.5375 27.48333 27.47083 27.52917 27.5625 27.5875 27.57917 27.575 27.55417 27.5375 27.52083 27.54167 27.55833 27.60417 27.62917 27.65 27.67917 27.71667 27.7625 27.78333 27.82917 27.86667 27.83333 27.8625 27.88333 27.84167 27.87083 27.86667 27.85833 27.87083 27.89583 27.9125 27.89583 27.86667 27.8375 27.8125 27.80417 27.77917 27.77083 27.77083 27.76667 27.75833
27.30833 27.3375 27.32917 27.35417 27.36667 27.42083 27.40833 27.45 27.46667 27.46667 27.49167 27.5125 27.51667 27.5375 27.53333 27.53333 27.56667 27.5625 27.55417 27.53333 27.5125 27.5125 27.51667 27.49167 27.45417 27.45417 27.47917 27.475 27.525 27.55 27.60417 27.5875 27.60833 27.6125 27.575 27.55417 27.575 27.59167 27.62083 27.67083 27.68333 27.7 27.75 27.77083 27.83333 27.85 27.87083 27.875 27.84167 27.87917 27.85833 27.88333 27.88333 27.9 27.90417 27.89583 27.87917 27.8625 27.85 27.8375 27.80833 27.79167 27.775 27.76667 27.75 27.74583 27.7375
27.30417 27.3 27.3625 27.32917 27.35833 27.42083 27.42083 27.45417 27.46667 27.47917 27.50833 27.52083 27.525 27.55417 27.54167 27.50833 27.52083 27.51667 27.49583 27.46667 27.42917 27.43333 27.42083 27.42083 27.38333 27.41667 27.4875 27.45833 27.51667 27.55833 27.61667 27.62083 27.62917 27.62917 27.625 27.61667 27.6375 27.65 27.66667 27.69167 27.74583 27.75417 27.77917 27.80833 27.84583 27.85833 27.88333 27.91667 27.8375 27.86667 27.89583 27.90417 27.92083 27.94583 27.91667 27.90417 27.87917 27.85417 27.8375 27.825 27.80833 27.78333 27.7625 27.75833 27.7375 27.725 27.70833
27.29583 27.3375 27.35833 27.25833 27.3625 27.4375 27.43333 27.45 27.47917 27.49583 27.49583 27.5125 27.55 27.55833 27.54583 27.49167 27.47083 27.4625 27.4375 27.4 27.36667 27.39167 27.41667 27.4 27.39167 27.40833 27.47917 27.47917 27.49167 27.54167 27.59583 27.64167 27.65 27.64167 27.63333 27.6375 27.67083 27.675 27.65833 27.70417 27.77083 27.78333 27.77083 27.79167 27.82917 27.875 27.86667 27.90417 27.84583 27.85833 27.90417 27.9125 27.9125 27.94583 27.9125 27.9 27.87083 27.84583 27.82917 27.8 27.79583 27.78333 27.7625 27.7375 27.72917 27.7125 27.68333
27.34167 27.37083 27.3625 27.33333 27.37917 27.42917 27.44583 27.4625 27.475 27.50417 27.47917 27.4875 27.525 27.56667 27.5625 27.50833 27.45833 27.425 27.39583 27.3625 27.35833 27.37917 27.4375 27.425 27.42083 27.42917 27.49167 27.5125 27.50417 27.55 27.5875 27.64583 27.65417 27.64167 27.64167 27.6375 27.65 27.66667 27.65 27.675 27.68333 27.75 27.74583 27.77917 27.79167 27.8375 27.82917 27.87083 27.85417 27.87083 27.89167 27.90833 27.89167 27.86667 27.87917 27.88333 27.87083 27.84167 27.825 27.80833 27.8 27.76667 27.7625 27.73333 27.71667 27.7 27.67917
27.36667 27.375 27.39583 27.39583 27.40833 27.42917 27.45417 27.475 27.4875 27.50833 27.48333 27.49583 27.53333 27.575 27.5625 27.5 27.49167 27.43333 27.38333 27.34583 27.375 27.39167 27.45 27.43333 27.44167 27.43333 27.5 27.53333 27.52917 27.54167 27.59167 27.62917 27.64583 27.63333 27.62917 27.61667 27.6125 27.6375 27.63333 27.64167 27.64583 27.70833 27.7125 27.73333 27.80417 27.82083 27.82917 27.84167 27.86667 27.88333 27.87083 27.87083 27.875 27.87917 27.875 27.87917 27.85417 27.84583 27.82083 27.80417 27.78333 27.77917 27.75 27.72917 27.7 27.675 27.6625
27.4 27.39167 27.4125 27.42917 27.40833 27.4 27.42083 27.45833 27.4875 27.52083 27.51667 27.49583 27.54167 27.5875 27.5625 27.50833 27.49583 27.425 27.35417 27.34167 27.36667 27.4 27.45 27.47083 27.45833 27.45 27.525 27.5375 27.525 27.5625 27.59583 27.64167 27.62917 27.6 27.6125 27.59583 27.6 27.625 27.62083 27.62083 27.6375 27.65417 27.65833 27.71667 27.75833 27.8 27.825 27.85417 27.86667 27.88333 27.89167 27.89167 27.8875 27.87917 27.875 27.85417 27.85 27.84583 27.82917 27.80417 27.7875 27.775 27.74167 27.725 27.69583 27.67083 27.65
27.425 27.44167 27.425 27.40833 27.42083 27.41667 27.39583 27.44583 27.47083 27.50417 27.52083 27.5125 27.5625 27.6 27.575 27.54167 27.49167 27.4375 27.36667 27.3125 27.3625 27.39583 27.44167 27.4875 27.47083 27.4875 27.52917 27.50833 27.50417 27.58333 27.62917 27.63333 27.63333 27.59583 27.60417 27.58333 27.5875 27.5875 27.59167 27.58333 27.59167 27.6 27.65417 27.675 27.72917 27.77083 27.8 27.81667 27.8375 27.84167 27.85417 27.875 27.87917 27.86667 27.8625 27.85833 27.85 27.85417 27.85 27.8125 27.8 27.76667 27.74167 27.725 27.69167 27.6625 27.65
27.45 27.44583 27.4125 27.4 27.4375 27.4375 27.42917 27.45833 27.45417 27.49167 27.52083 27.5375 27.56667 27.60417 27.57083 27.56667 27.49167 27.4125 27.35417 27.30417 27.34583 27.36667 27.41667 27.48333 27.5 27.50833 27.525 27.47083 27.50833 27.57083 27.62917 27.6375 27.62083 27.57083 27.59583 27.58333 27.5875 27.56667 27.525 27.5375 27.525 27.55 27.60833 27.66667 27.69583 27.72083 27.78333 27.78333 27.79583 27.8125 27.825 27.84167 27.84583 27.84583 27.84583 27.85417 27.85417 27.85 27.84583 27.8125 27.79167 27.77917 27.74167 27.72083 27.7 27.65417 27.63333
27.45 27.36667 27.33333 27.3625 27.39167 27.45 27.45833 27.475 27.475 27.45833 27.48333 27.525 27.55417 27.57083 27.57083 27.55833 27.48333 27.40833 27.35 27.3 27.325 27.3875 27.425 27.46667 27.50833 27.52917 27.51667 27.49167 27.52083 27.52083 27.5625 27.59583 27.60417 27.55 27.54583 27.575 27.56667 27.55833 27.52917 27.55833 27.54583 27.55417 27.57917 27.62083 27.65 27.69583 27.72083 27.72917 27.75 27.77917 27.7875 27.80417 27.825 27.83333 27.84167 27.85 27.85833 27.85833 27.8375 27.8125 27.7875 27.75833 27.74167 27.70417 27.67083 27.62917 27.6
27.4125 27.35833 27.28333 27.34583 27.40417 27.42083 27.44583 27.48333 27.47917 27.44167 27.4375 27.5 27.54583 27.55417 27.56667 27.54167 27.5 27.4375 27.3625 27.34583 27.34583 27.375 27.40417 27.45833 27.48333 27.52917 27.55 27.55417 27.51667 27.47917 27.53333 27.59167 27.5875 27.51667 27.5 27.5125 27.53333 27.54583 27.52917 27.53333 -9999 27.52083 -9999 -9999 27.6 27.625 -9999 27.66667 27.6875 27.71667 27.74167 27.76667 -9999 -9999 27.81667 27.85 27.85 27.8625 27.82917 27.80833 27.79167 27.75833 27.71667 27.69167 27.64583 27.59167 27.57083
27.42917 27.40417 27.35417 27.37083 27.40417 27.42917 27.45 27.4625 27.4875 27.4625 27.44583 27.4625 27.50833 27.525 27.52917 27.52917 27.49167 27.44583 27.375 27.34583 27.3625 27.4 27.4375 27.4625 27.4875 27.5125 27.54583 27.54583 27.48333 27.50833 27.52917 27.54583 27.55833 27.52083 27.50417 27.50417 27.49583 27.50833 27.5125 27.50833 27.5 27.50833 -9999 27.525 27.55417 27.55833 -9999 27.60417 27.64167 27.6875 27.70417 27.72917 -9999 -9999 27.8 27.825 27.8375 27.85 27.8375 27.80417 27.77917 27.75833 27.70833 27.6625 27.625 27.56667 27.52917
27.45833 27.41667 27.375 27.39167 27.39167 27.39583 27.43333 27.47083 27.4875 27.475 27.44167 27.4875 27.46667 27.49167 27.50833 27.50417 27.48333 27.43333 27.39583 27.38333 27.38333 27.4 27.375 27.36667 27.40417 27.47917 27.53333 27.53333 27.5125 27.50833 27.55417 27.51667 27.54167 27.51667 27.50833 27.49167 27.49583 27.49167 27.475 27.46667 27.47917 27.46667 27.47917 -9999 -9999 27.51667 -9999 27.54167 27.5875 27.62917 27.66667 27.69167 -9999 -9999 27.775 27.8125 27.83333 27.85833 27.825 27.79583 27.76667 27.74167 27.70833 27.65417 27.59583 27.52917 27.47083
27.4625 27.40833 27.35417 27.39583 27.4125 27.37917 27.4 27.44167 27.47083 27.47917 27.44583 27.47917 27.44583 27.47083 27.4875 27.50833 27.47083 27.42083 27.40833 27.3875 27.39583 27.42917 27.375 27.375 27.39167 27.425 27.52083 27.5375 27.50417 27.52917 27.52917 27.52917 27.50833 27.475 27.47083 27.45417 27.44583 27.45 27.4375 27.425 27.4375 27.43333 -9999 27.45 -9999 27.44167 -9999 -9999 27.52083 27.56667 27.60833 27.64583 -9999 -9999 27.75833 27.78333 27.83333 27.86667 27.83333 27.80417 27.76667 27.725 27.7 27.625 27.575 27.49167 27.41667
27.44583 27.38333 27.36667 27.3875 27.41667 27.40833 27.4125 27.43333 27.4625 27.4875 27.46667 27.47917 27.47083 27.475 27.49583 27.49167 27.45417 27.42083 27.39167 27.39167 27.4125 27.41667 27.375 27.34167 27.375 27.42917 27.47917 27.525 27.52083 27.525 27.52917 27.5 27.47917 27.45833 27.4375 27.41667 27.40417 27.4125 27.39167 27.3875 27.40833 -9999 -9999 -9999 -9999 -9999 -9999 -9999 -9999 27.50833 27.54167 27.575 -9999 27.65833 27.7 27.7375 27.775 27.81667 27.78333 27.75417 27.725 27.69167 27.6625 27.59583 27.52917 27.45 27.3875
27.42083 27.37917 27.40417 27.40417 27.425 27.44167 27.44167 27.47083 27.49583 27.50833 27.4875 27.48333 27.49583 27.49167 27.50833 27.50417 27.45417 27.44167 27.3875 27.40833 27.40833 27.37917 27.4 27.37917 27.39583 27.3875 27.43333 27.475 27.4875 27.49583 27.50833 27.47917 27.4625 27.4375 27.40833 27.3875 27.375 27.37083 27.39167 27.375 27.38333 27.39167 27.39583 -9999 27.4 -9999 -9999 -9999 -9999 -9999 -9999 -9999 27.5125 27.55417 27.59167 27.62083 27.675 27.71667 27.69167 27.67083 27.65833 27.63333 27.60833 27.55 27.49167 27.42083 27.34167
27.4125 27.38333 27.40833 27.44583 27.425 27.4625 27.4875 27.5 27.52917 27.54583 27.53333 27.51667 27.51667 27.525 27.53333 27.47083 27.425 27.43333 27.425 27.39583 27.35417 27.38333 27.3875 27.36667 27.36667 27.38333 27.40833 27.43333 27.45833 27.48333 27.5 27.47083 27.4375 27.42083 27.39167 27.37083 27.35 27.3625 27.37083 27.35833 27.35 27.375 27.375 27.3875 27.35833 27.3625 -9999 27.37917 27.37917 -9999 27.38333 -9999 27.41667 27.4625 27.50417 27.5375 27.57917 27.6125 27.60417 27.58333 27.5875 27.57917 27.56667 27.52083 27.4375 27.3875 27.30417
27.36667 27.39583 27.43333 27.44583 27.43333 27.44583 27.47917 27.5 27.55417 27.55833 27.55417 27.54167 27.55 27.55 27.525 27.4125 27.44583 27.37917 27.375 27.39583 27.4125 27.37917 27.35417 27.35 27.34167 27.35 27.36667 27.39583 27.41667 27.45417 27.47083 27.4625 -9999 -9999 -9999 -9999 -9999 -9999 -9999 -9999 -9999 -9999 -9999 -9999 -9999 -9999 -9999 -9999 -9999 -9999 -9999 -9999 27.30417 -9999 27.38333 27.44167 27.4625 27.49583 27.50417 27.4875 27.50417 27.50417 27.51667 27.45833 27.3875 27.34167 27.27917
27.40833 27.41667 27.4625 27.45417 27.42917 27.4375 27.47917 27.52083 27.56667 27.5875 27.5625 27.55833 27.57083 27.56667 27.4625 27.39583 27.4625 27.4375 27.44167 27.45 27.43333 27.39583 27.36667 27.32917 27.275 -9999 -9999 -9999 -9999 -9999 -9999 -9999 -9999 -9999 -9999 -9999 -9999 -9999 -9999 -9999 -9999 -9999 -9999 -9999 -9999 -9999 -9999 -9999 -9999 -9999 -9999 -9999 -9999 -9999 -9999 -9999 -9999 -9999 -9999 -9999 -9999 -9999 27.4625 27.40417 27.34167 27.275 27.22083
27.44167 27.44167 27.475 27.45417 27.45417 27.45 27.48333 27.52083 27.53333 27.575 27.6 27.5875 27.59167 27.525 27.4375 27.47083 27.46667 27.47083 27.4875 27.50417 27.46667 -9999 -9999 -9999 -9999 -9999 -9999 -9999 -9999 -9999 -9999 -9999 -9999 -9999 -9999 -9999 -9999 -9999 -9999 -9999 -9999 -9999 -9999 -9999 -9999 -9999 -9999 -9999 -9999 -9999 -9999 -9999 -9999 -9999 -9999 -9999 -9999 -9999 -9999 -9999 -9999 -9999 -9999 -9999 -9999 -9999 -9999
27.44583 27.48333 27.47083 27.475 27.47083 27.46667 27.46667 27.4375 27.47083 27.51667 27.525 27.54583 27.5125 27.49583 27.45417 27.45417 27.45833 27.47917 27.47917 -9999 -9999 -9999 -9999 -9999 -9999 -9999 -9999 -9999 -9999 -9999 -9999 -9999 -9999 -9999 -9999 -9999 -9999 -9999 -9999 -9999 -9999 -9999 -9999 -9999 -9999 -9999 -9999 -9999 -9999 -9999 -9999 -9999 -9999 -9999 -9999 -9999 -9999 -9999 -9999 -9999 -9999 -9999 -9999 -9999 -9999 -9999 -9999
27.48333 27.44167 27.47083 27.4875 27.48333 27.45 27.4 27.39167 27.42083 27.45417 27.47083 27.48333 27.4625 27.42083 27.3875 27.40833 27.42917 27.4625 -9999 -9999 -9999 -9999 -9999 -9999 -9999 -9999 -9999 -9999 -9999 -9999 -9999 -9999 -9999 -9999 -9999 -9999 -9999 -9999 -9999 -9999 -9999 -9999 -9999 -9999 -9999 -9999 -9999 -9999 -9999 -9999 -9999 -9999 -9999 -9999 -9999 -9999 -9999 -9999 -9999 -9999 -9999 -9999 -9999 -9999 -9999 -9999 -9999
27.49167 27.48333 27.4875 27.48333 27.42917 27.41667 27.40417 27.3625 27.31667 27.29583 27.35417 27.42917 -9999 -9999 -9999 -9999 -9999 -9999 -9999 -9999 -9999 -9999 -9999 -9999 -9999 -9999 -9999 -9999 -9999 -9999 -9999 -9999 -9999 -9999 -9999 -9999 -9999 -9999 -9999 -9999 -9999 -9999 -9999 -9999 -9999 -9999 -9999 -9999 -9999 -9999 -9999 -9999 -9999 -9999 -9999 -9999 -9999 -9999 -9999 -9999 -9999 -9999 -9999 -9999 -9999 -9999 -9999
27.48333 27.49583 27.49167 27.48333 27.43333 27.37917 27.37917 27.2875 27.375 27.34583 -9999 -9999 -9999 -9999 -9999 -9999 -9999 -9999 -9999 -9999 -9999 -9999 -9999 -9999 -9999 -9999 -9999 -9999 -9999 -9999 -9999 -9999 -9999 -9999 -9999 -9999 -9999 -9999 -9999 -9999 -9999 -9999 -9999 -9999 -9999 -9999 -9999 -9999 -9999 -9999 -9999 -9999 -9999 -9999 -9999 -9999 -9999 -9999 -9999 -9999 -9999 -9999 -9999 -9999 -9999 -9999 -9999
27.48333 27.4875 27.45 27.47083 27.40833 27.35417 27.4125 27.3625 -9999 -9999 -9999 -9999 -9999 -9999 -9999 -9999 -9999 -9999 -9999 -9999 -9999 -9999 -9999 -9999 -9999 -9999 -9999 -9999 -9999 -9999 -9999 -9999 -9999 -9999 -9999 -9999 -9999 -9999 -9999 -9999 -9999 -9999 -9999 -9999 -9999 -9999 -9999 -9999 -9999 -9999 -9999 -9999 -9999 -9999 -9999 -9999 -9999 -9999 -9999 -9999 -9999 -9999 -9999 -9999 -9999 -9999 -9999
27.4625 27.44167 27.3625 27.3625 27.35417 27.35417 -9999 -9999 -9999 -9999 -9999 -9999 -9999 -9999 -9999 -9999 -9999 -9999 -9999 -9999 -9999 -9999 -9999 -9999 -9999 -9999 -9999 -9999 -9999 -9999 -9999 -9999 -9999 -9999 -9999 -9999 -9999 -9999 -9999 -9999 -9999 -9999 -9999 -9999 -9999 -9999 -9999 -9999 -9999 -9999 -9999 -9999 -9999 -9999 -9999 -9999 -9999 -9999 -9999 -9999 -9999 -9999 -9999 -9999 -9999 -9999 -9999
27.41667 27.39167 27.35417 27.4 27.42083 -9999 -9999 -9999 -9999 -9999 -9999 -9999 -9999 -9999 -9999 -9999 -9999 -9999 -9999 -9999 -9999 -9999 -9999 -9999 -9999 -9999 -9999 -9999 -9999 -9999 -9999 -9999 -9999 -9999 -9999 -9999 -9999 -9999 -9999 -9999 -9999 -9999 -9999 -9999 -9999 -9999 -9999 -9999 -9999 -9999 -9999 -9999 -9999 -9999 -9999 -9999 -9999 -9999 -9999 -9999 -9999 -9999 -9999 -9999 -9999 -9999 -9999
27.40417 27.40833 27.42917 -9999 -9999 -9999 -9999 -9999 -9999 -9999 -9999 -9999 -9999 -9999 -9999 -9999 -9999 -9999 -9999 -9999 -9999 -9999 -9999 -9999 -9999 -9999 -9999 -9999 -9999 -9999 -9999 -9999 -9999 -9999 -9999 -9999 -9999 -9999 -9999 -9999 -9999 -9999 -9999 -9999 -9999 -9999 -9999 -9999 -9999 -9999 -9999 -9999 -9999 -9999 -9999 -9999 -9999 -9999 -9999 -9999 -9999 -9999 -9999 -9999 -9999 -9999 -9999
-9999 -9999 -9999 -9999 -9999 -9999 -9999 -9999 -9999 -9999 -9999 -9999 -9999 -9999 -9999 -9999 -9999 -9999 -9999 -9999 -9999 -9999 -9999 -9999 -9999 -9999 -9999 -9999 -9999 -9999 -9999 -9999 -9999 -9999 -9999 -9999 -9999 -9999 -9999 -9999 -9999 -9999 -9999 -9999 -9999 -9999 -9999 -9999 -9999 -9999 -9999 -9999 -9999 -9999 -9999 -9999 -9999 -9999 -9999 -9999 -9999 -9999 -9999 -9999 -9999 -9999 -9999
-9999 -9999 -9999 -9999 -9999 -9999 -9999 -9999 -9999 -9999 -9999 -9999 -9999 -9999 -9999 -9999 -9999 -9999 -9999 -9999 -9999 -9999 -9999 -9999 -9999 -9999 -9999 -9999 -9999 -9999 -9999 -9999 -9999 -9999 -9999 -9999 -9999 -9999 -9999 -9999 -9999 -9999 -9999 -9999 -9999 -9999 -9999 -9999 -9999 -9999 -9999 -9999 -9999 -9999 -9999 -9999 -9999 -9999 -9999 -9999 -9999 -9999 -9999 -9999 -9999 -9999 -9999
