elevation.asc
ncols         536
nrows         773
xllcorner     -3.262084961
yllcorner     4.7407226560001
cellsize      0.0083253775074627
NODATA_value  -9999
[rows 720 to 759 of 773, columns 90 to 179 of 536]
99 97 97 83 71 79 95 111 103 85 77 72 67 77 80 78 85 79 72 87 83 82 90 93 88 85 79 76 68 70 69 65 64 65 59 44 30 25 30 31 48 121 74 85 87 57 44 48 53 51 69 51 42 47 41 39 40 45 66 82 74 101 114 121 124 127 91 74 70 77 78 84 98 161 85 72 70 81 102 112 132 117 102 108 93 91 87 86 81 76
82 82 94 94 72 84 88 93 90 78 79 71 61 70 75 80 75 72 71 76 82 84 87 97 84 80 71 73 81 63 54 59 56 53 55 55 35 26 30 36 43 92 65 98 90 61 50 57 65 53 58 45 44 45 49 49 49 61 118 144 89 80 84 105 99 129 94 86 94 89 101 109 88 92 65 76 74 82 98 105 118 137 114 108 90 82 86 82 75 67
76 74 91 85 75 73 88 87 102 89 84 80 65 63 68 80 74 75 70 69 77 78 88 102 92 77 65 83 91 82 66 57 56 50 37 49 43 39 34 52 68 122 66 108 79 64 60 78 82 58 51 52 56 53 51 52 58 86 162 142 95 97 68 76 79 90 104 110 111 96 109 80 68 65 65 73 79 93 104 126 110 123 112 115 90 82 78 81 71 61
74 83 88 81 75 64 73 92 101 105 91 84 89 80 58 72 78 74 65 59 64 71 76 83 82 72 70 75 83 107 61 51 45 39 31 34 26 28 38 36 84 137 63 88 69 77 72 78 78 54 54 57 53 53 67 77 76 109 172 159 119 110 81 79 86 90 108 118 108 91 91 81 73 68 70 69 85 100 104 127 102 83 94 90 85 72 68 76 71 63
85 83 83 91 81 64 66 75 82 101 106 93 89 78 68 51 49 57 54 49 55 63 65 72 74 80 72 74 78 111 84 59 37 30 26 33 36 28 33 29 77 115 73 91 79 87 83 84 70 58 59 62 63 66 61 74 111 127 172 187 133 97 89 86 85 88 103 131 115 94 82 78 73 70 75 78 90 109 96 113 97 87 78 69 66 68 55 60 67 56
78 80 77 86 79 72 60 67 64 94 104 97 87 80 72 63 48 50 50 45 60 64 52 61 59 61 64 66 62 92 83 51 39 33 27 30 50 33 30 35 119 103 81 98 85 87 91 79 66 59 63 60 76 68 75 111 121 153 152 127 121 100 104 93 86 97 102 123 110 78 80 86 75 72 81 85 85 94 105 107 102 103 78 64 57 54 50 46 58 47
69 71 78 79 76 73 60 54 65 96 111 115 103 86 72 74 61 44 48 53 56 52 45 55 59 56 61 52 53 67 90 47 32 30 26 28 34 33 26 39 133 78 84 114 81 79 80 74 73 63 67 70 73 83 86 104 134 162 184 181 128 88 85 88 84 96 105 108 86 81 87 92 82 82 83 93 91 111 109 91 98 87 75 63 53 50 50 45 46 44
54 57 76 67 74 75 71 59 60 94 110 110 97 84 76 66 63 48 43 46 53 44 49 48 46 49 47 45 60 77 77 39 21 23 20 29 59 47 30 50 121 64 90 96 75 68 68 79 74 68 75 85 101 106 112 129 174 205 197 195 150 112 75 89 89 107 108 110 81 89 96 94 87 89 90 98 112 102 125 86 102 109 79 69 59 56 56 55 59 50
59 63 69 63 69 73 73 50 54 75 82 95 72 58 52 61 67 53 38 42 38 41 42 29 35 42 43 41 58 64 62 37 20 21 39 50 64 39 30 76 82 75 90 85 71 54 66 60 67 65 82 107 108 143 157 147 172 197 216 179 127 86 81 100 99 109 106 100 91 97 106 99 94 92 92 96 123 116 107 78 100 101 85 78 67 68 64 62 49 45
58 58 64 64 58 72 70 60 53 72 85 81 57 42 39 46 60 59 43 44 44 33 37 42 33 37 31 32 41 52 44 35 21 36 47 55 35 29 30 110 61 78 63 80 64 63 56 65 70 77 96 115 122 136 151 204 194 197 184 166 120 79 90 89 94 104 114 98 88 94 96 97 89 88 87 90 108 104 91 78 87 87 76 89 80 76 69 62 51 47
53 48 54 64 61 59 62 60 48 66 70 63 52 32 41 36 43 52 59 68 48 50 49 56 40 42 38 29 36 57 39 30 25 46 43 39 26 23 24 60 66 64 61 64 68 60 66 74 79 71 88 103 114 124 143 169 165 171 168 160 128 87 83 102 107 95 114 87 87 95 101 91 84 78 75 91 116 120 93 84 71 79 71 76 73 77 75 59 51 57
42 46 50 58 57 49 56 56 39 55 64 67 36 29 34 31 44 46 43 67 65 62 56 50 58 50 38 30 37 42 39 28 23 45 45 26 22 26 32 67 63 54 55 58 56 61 68 87 89 88 96 92 99 108 131 177 137 156 160 164 111 87 91 98 99 91 108 78 83 92 94 87 87 76 72 93 114 118 89 89 79 68 76 67 75 84 87 73 64 58
34 37 45 49 59 47 45 47 48 39 52 63 36 28 27 28 31 38 31 41 68 81 71 53 64 43 30 41 41 32 50 38 26 31 29 22 24 23 48 57 46 71 80 84 68 81 84 84 78 99 109 92 101 126 159 179 181 149 149 137 92 92 91 96 98 89 98 74 73 88 93 76 74 72 67 80 92 102 107 100 74 61 69 61 67 77 81 82 72 60
27 39 41 42 50 55 55 44 43 38 51 44 29 25 25 25 26 26 31 40 55 72 82 71 55 41 40 61 54 34 41 34 23 20 20 22 22 24 49 38 42 72 81 92 82 90 91 78 104 101 97 110 133 147 192 196 202 162 155 147 91 90 99 106 83 100 112 71 74 88 89 77 65 66 68 76 87 105 102 107 73 63 64 60 64 73 76 73 76 77
26 33 33 33 40 49 48 51 35 37 58 48 27 20 19 25 22 20 26 41 48 56 71 82 80 61 37 49 46 55 32 30 41 25 21 23 22 20 31 28 40 62 76 99 91 97 79 93 122 104 102 128 162 171 173 186 201 191 178 126 105 86 93 83 104 114 108 69 72 83 78 72 62 65 62 74 78 92 137 99 70 60 59 60 69 76 72 67 64 66
23 26 29 29 37 42 49 44 33 37 53 46 23 22 21 18 19 21 25 37 42 51 65 72 86 68 50 31 27 40 47 29 42 35 23 21 17 22 25 32 49 57 73 80 92 74 86 100 95 91 99 127 148 136 170 154 167 178 171 160 141 95 81 78 100 96 91 66 62 68 65 70 55 60 69 78 89 97 127 91 70 71 55 57 66 64 71 64 59 55
15 19 21 30 30 37 39 45 36 38 47 40 29 25 23 17 18 22 31 32 35 43 51 63 69 67 46 30 28 26 34 22 26 29 16 19 17 33 18 47 63 50 65 74 78 79 82 90 101 100 96 93 96 103 102 119 141 171 137 122 126 95 82 80 78 96 90 63 57 65 60 57 53 58 77 78 83 90 96 105 63 62 53 62 58 61 71 66 59 51
26 19 15 21 28 33 35 35 41 27 37 36 25 22 20 19 19 26 32 29 32 35 51 67 57 61 35 27 25 22 48 35 19 23 19 19 20 26 17 23 62 76 71 83 89 91 99 93 103 98 87 84 78 84 108 135 147 139 112 96 103 94 83 77 74 88 90 60 56 70 56 46 55 65 90 102 105 107 96 123 58 59 51 53 56 63 62 62 59 56
25 21 18 16 18 26 30 36 36 34 34 44 22 22 21 18 18 22 26 23 24 31 47 64 47 50 36 35 25 24 40 39 27 21 17 14 15 16 18 24 60 59 69 57 82 90 102 100 109 78 83 79 75 91 119 119 115 128 100 78 81 93 84 85 66 81 90 56 59 58 53 46 54 86 103 89 99 90 102 82 68 58 48 49 56 53 53 51 59 55
21 18 21 16 10 17 26 31 34 33 24 31 21 22 22 16 18 22 20 18 28 42 57 57 49 51 40 52 30 29 47 43 26 21 21 15 20 19 16 20 44 30 43 57 72 89 101 97 83 75 74 75 74 89 90 82 81 79 75 76 81 98 83 80 78 72 86 51 56 52 44 42 53 89 89 65 79 88 106 78 65 53 44 46 52 47 49 50 57 56
14 12 11 16 12 11 21 21 30 28 26 25 30 23 18 16 21 20 20 18 31 33 45 44 51 49 45 43 41 37 45 57 37 24 21 18 23 21 22 18 17 18 37 59 89 98 115 111 72 76 66 69 69 75 75 73 72 67 70 73 96 136 87 90 96 79 76 44 50 53 39 41 54 72 68 54 64 79 85 73 64 48 43 39 43 40 41 45 47 51
12 11 10 11 14 12 15 24 21 24 28 24 22 22 15 14 17 18 18 20 20 26 39 38 41 37 45 46 39 39 41 52 47 22 20 20 35 19 17 15 18 22 44 62 76 86 104 102 87 74 65 62 70 74 72 68 70 67 69 75 106 110 81 83 78 63 67 46 42 43 41 42 41 43 46 50 51 66 80 76 54 58 37 33 34 35 44 41 42 44
14 13 11 11 16 22 21 20 21 16 24 22 19 19 10 12 17 18 17 20 20 29 34 38 29 29 30 35 35 30 42 56 38 32 31 24 30 18 18 18 22 29 33 69 60 65 84 98 92 71 59 61 72 72 73 66 62 78 80 75 78 74 73 73 76 67 84 51 61 51 40 38 38 40 45 51 52 76 58 48 50 50 35 34 30 35 39 40 36 43
10 12 8 10 7 9 10 20 17 11 15 17 19 12 9 12 17 18 19 18 20 26 25 37 38 28 37 33 30 26 57 61 66 36 29 27 40 22 24 21 16 16 27 53 50 54 79 93 81 77 61 57 64 68 69 66 70 80 86 75 72 68 73 70 69 76 75 57 59 52 40 36 33 36 43 46 59 72 42 43 43 43 33 27 26 32 35 35 36 42
9 10 8 9 6 7 12 11 14 11 9 9 13 8 8 13 15 17 21 15 17 20 25 25 26 31 33 29 25 30 58 58 66 32 21 24 29 24 26 16 15 15 29 64 64 52 77 94 91 65 59 58 56 61 63 66 72 81 77 68 69 66 78 74 70 74 70 63 51 44 36 32 33 39 41 39 47 55 41 39 40 36 32 28 25 27 35 36 37 38
-9999 8 10 10 10 10 10 12 14 10 10 6 10 8 12 17 18 13 15 16 17 19 22 21 25 33 40 28 19 47 58 54 70 39 24 23 23 17 21 15 17 16 26 72 72 55 72 88 85 62 57 54 53 57 60 52 56 62 73 67 69 67 80 83 72 71 62 56 52 37 37 30 32 37 34 37 43 48 48 48 36 30 26 26 23 25 34 31 32 36
-9999 -9999 -9999 -9999 -9999 -9999 7 8 11 7 5 8 10 8 8 12 19 14 12 15 18 16 21 17 27 36 33 25 27 52 53 42 41 37 29 20 15 15 13 15 17 18 28 70 87 82 78 90 84 68 55 50 51 50 57 51 48 53 60 63 63 71 108 87 70 62 62 56 48 40 36 32 28 32 30 30 33 50 56 57 37 34 33 25 23 25 33 28 30 34
-9999 -9999 -9999 -9999 -9999 -9999 -9999 -9999 -9999 -9999 6 7 9 8 8 11 13 13 14 8 11 13 17 20 30 34 28 28 42 41 41 41 35 18 19 18 14 18 16 19 20 22 34 48 69 78 81 87 79 67 54 51 49 54 64 57 45 51 58 55 58 80 95 88 68 58 56 56 44 40 36 31 26 28 26 27 31 41 45 37 33 29 32 23 20 27 29 23 28 30
-9999 -9999 -9999 -9999 -9999 -9999 -9999 -9999 -9999 -9999 -9999 -9999 -9999 -9999 5 7 11 9 14 8 9 10 15 17 28 25 27 40 22 26 21 23 19 10 9 14 16 21 15 15 15 19 38 36 58 66 65 75 78 72 52 50 46 50 64 56 45 51 54 54 60 78 85 76 66 61 54 48 40 47 34 32 31 26 23 26 36 39 38 29 28 22 24 22 17 23 26 23 27 22
-9999 -9999 -9999 -9999 -9999 -9999 -9999 -9999 -9999 -9999 -9999 -9999 -9999 -9999 -9999 -9999 -9999 -9999 10 9 11 11 11 14 19 29 26 22 20 28 18 17 16 10 17 15 12 13 10 16 14 13 18 22 47 71 87 83 73 66 49 45 45 45 57 56 49 54 56 55 74 83 68 73 72 60 56 49 42 45 39 33 27 29 26 23 30 36 37 30 25 22 18 17 17 19 17 19 23 23
-9999 -9999 -9999 -9999 -9999 -9999 -9999 -9999 -9999 -9999 -9999 -9999 -9999 -9999 -9999 -9999 -9999 -9999 -9999 -9999 -9999 12 13 11 20 28 17 15 15 12 8 19 14 15 27 16 5 5 5 18 16 20 17 18 22 53 66 72 75 71 44 44 44 43 50 50 54 63 58 65 94 92 80 71 69 51 50 44 41 39 38 38 29 22 23 22 27 34 40 37 30 23 19 12 15 17 14 16 15 21
-9999 -9999 -9999 -9999 -9999 -9999 -9999 -9999 -9999 -9999 -9999 -9999 -9999 -9999 -9999 -9999 -9999 -9999 -9999 -9999 -9999 -9999 -9999 -9999 14 18 19 11 9 6 32 36 28 25 33 18 16 11 5 12 25 41 20 21 22 24 33 51 54 45 39 42 45 42 45 45 56 59 54 71 95 81 77 62 57 48 47 48 45 40 38 34 32 25 21 19 27 35 38 32 28 21 17 12 13 19 14 12 16 21
-9999 -9999 -9999 -9999 -9999 -9999 -9999 -9999 -9999 -9999 -9999 -9999 -9999 -9999 -9999 -9999 -9999 -9999 -9999 -9999 -9999 -9999 -9999 -9999 -9999 -9999 10 8 5 9 32 31 21 25 31 34 20 13 9 20 42 46 28 20 22 24 30 27 32 35 38 42 44 41 39 43 50 43 70 74 66 87 93 59 50 47 46 49 46 45 41 32 24 21 16 19 25 36 37 34 31 24 17 13 9 11 11 9 16 18
-9999 -9999 -9999 -9999 -9999 -9999 -9999 -9999 -9999 -9999 -9999 -9999 -9999 -9999 -9999 -9999 -9999 -9999 -9999 -9999 -9999 -9999 -9999 -9999 -9999 -9999 -9999 -9999 5 11 21 18 16 25 22 33 18 12 10 17 37 40 25 25 24 26 31 31 31 35 36 47 50 45 45 40 40 49 76 88 96 100 76 40 45 38 50 51 43 41 37 31 24 22 18 34 36 34 34 30 25 22 21 17 15 8 10 7 14 10
-9999 -9999 -9999 -9999 -9999 -9999 -9999 -9999 -9999 -9999 -9999 -9999 -9999 -9999 -9999 -9999 -9999 -9999 -9999 -9999 -9999 -9999 -9999 -9999 -9999 -9999 -9999 -9999 -9999 -9999 11 12 18 20 31 34 32 19 17 20 36 38 29 26 27 30 34 39 35 40 41 54 58 53 47 41 43 64 84 102 127 94 58 35 35 35 44 49 39 36 34 23 17 17 23 38 39 39 30 25 21 17 18 19 15 11 7 5 8 6
-9999 -9999 -9999 -9999 -9999 -9999 -9999 -9999 -9999 -9999 -9999 -9999 -9999 -9999 -9999 -9999 -9999 -9999 -9999 -9999 -9999 -9999 -9999 -9999 -9999 -9999 -9999 -9999 -9999 -9999 -9999 9 20 34 37 38 44 44 46 43 52 43 40 39 33 38 39 42 38 42 52 58 51 52 41 43 54 70 85 87 114 95 48 31 32 36 43 42 36 31 29 20 17 19 30 38 29 28 32 25 15 11 12 18 18 18 15 7 5 5
-9999 -9999 -9999 -9999 -9999 -9999 -9999 -9999 -9999 -9999 -9999 -9999 -9999 -9999 -9999 -9999 -9999 -9999 -9999 -9999 -9999 -9999 -9999 -9999 -9999 -9999 -9999 -9999 -9999 -9999 -9999 -9999 12 37 43 42 43 48 43 40 46 46 54 41 40 40 40 41 42 37 50 54 50 41 40 46 79 106 108 121 121 90 40 30 29 37 42 37 34 29 23 16 14 22 27 34 27 22 27 25 20 13 6 11 15 9 11 6 4 7
-9999 -9999 -9999 -9999 -9999 -9999 -9999 -9999 -9999 -9999 -9999 -9999 -9999 -9999 -9999 -9999 -9999 -9999 -9999 -9999 -9999 -9999 -9999 -9999 -9999 -9999 -9999 -9999 -9999 -9999 -9999 -9999 -9999 27 29 31 39 40 38 36 39 36 42 39 37 35 35 47 41 34 43 52 51 42 44 51 97 92 103 125 102 71 37 31 27 38 38 34 30 25 19 10 16 18 33 28 24 19 21 26 19 12 5 7 -9999 -9999 -9999 -9999 -9999 -9999
-9999 -9999 -9999 -9999 -9999 -9999 -9999 -9999 -9999 -9999 -9999 -9999 -9999 -9999 -9999 -9999 -9999 -9999 -9999 -9999 -9999 -9999 -9999 -9999 -9999 -9999 -9999 -9999 -9999 -9999 -9999 -9999 -9999 18 31 20 27 37 23 33 38 31 31 31 30 36 39 52 33 44 45 52 48 39 74 106 96 102 101 118 104 57 43 33 26 32 36 39 40 28 12 9 20 33 18 22 22 18 20 20 19 12 -9999 -9999 -9999 -9999 -9999 -9999 -9999 -9999
-9999 -9999 -9999 -9999 -9999 -9999 -9999 -9999 -9999 -9999 -9999 -9999 -9999 -9999 -9999 -9999 -9999 -9999 -9999 -9999 -9999 -9999 -9999 -9999 -9999 -9999 -9999 -9999 -9999 -9999 -9999 -9999 -9999 15 19 15 21 30 24 36 38 32 40 28 25 26 33 32 27 30 51 50 38 54 115 135 148 121 112 108 99 47 35 24 24 30 38 37 35 32 33 16 11 10 9 18 16 13 9 13 15 -9999 -9999 -9999 -9999 -9999 -9999 -9999 -9999 -9999
