elevation.asc
ncols         536
nrows         773
xllcorner     -3.262084961
yllcorner     4.7407226560001
cellsize      0.0083253775074627
NODATA_value  -9999
[rows 320 to 359 of 773, columns 270 to 359 of 536]
117 118 128 130 121 116 117 113 104 96 101 107 113 107 95 88 84 78 76 76 78 80 85 88 101 96 91 96 104 108 108 108 107 102 95 102 116 115 121 137 143 139 133 123 124 138 130 117 111 102 102 112 126 141 149 154 159 156 154 164 172 174 175 172 172 173 171 163 158 158 152 143 132 122 116 112 110 110 109 111 116 123 117 118 121 119 126 139 134 130
127 125 132 129 123 121 118 110 108 111 113 117 114 105 101 98 89 81 77 76 75 76 75 79 88 90 85 89 100 103 104 105 104 97 94 109 117 109 115 125 136 126 133 120 119 139 138 113 104 98 102 115 120 124 128 135 142 149 162 170 172 170 169 163 156 156 157 157 154 152 147 137 123 118 115 114 115 114 117 118 120 126 122 127 136 125 134 143 138 144
136 134 136 130 125 123 122 118 118 119 118 117 114 111 109 98 89 89 80 76 75 75 76 76 78 83 86 89 99 100 97 101 102 98 91 104 109 109 115 126 140 124 119 115 121 137 129 106 97 97 100 107 113 126 136 139 142 148 160 171 168 161 154 150 148 146 141 137 133 129 125 122 123 130 123 118 120 119 123 127 128 133 125 134 141 129 142 148 147 150
138 137 136 133 125 122 122 120 119 119 117 114 109 105 102 96 91 89 83 76 76 75 75 76 76 77 81 84 98 100 92 100 101 97 89 102 105 111 125 137 138 134 118 106 119 131 113 97 95 103 104 112 120 137 150 146 145 147 156 167 171 170 168 167 168 166 162 153 143 131 124 129 141 142 128 124 126 127 129 140 141 134 129 140 144 133 142 153 152 147
131 132 131 128 121 115 117 115 113 114 114 114 108 101 96 90 86 88 89 78 76 78 76 76 75 75 76 78 89 94 89 97 102 93 90 99 97 107 123 132 128 124 122 106 111 120 110 96 95 101 109 124 135 136 130 126 130 138 145 158 174 178 175 171 172 168 163 152 133 130 132 133 148 143 133 142 136 145 146 147 138 134 141 148 147 141 142 153 151 149
126 120 124 118 115 107 106 107 103 103 103 104 102 98 94 89 84 84 90 81 75 75 76 75 76 76 76 76 81 92 86 96 96 84 91 92 98 102 120 130 127 117 109 100 101 111 107 95 94 107 116 125 125 122 116 116 127 143 154 164 173 173 174 165 157 152 144 136 134 140 147 135 149 151 147 153 153 154 156 153 146 146 150 150 149 148 149 151 149 149
117 111 110 107 104 102 99 98 95 94 92 91 90 90 88 86 82 80 84 86 76 75 75 75 75 75 75 76 75 79 81 84 81 83 87 92 96 103 117 128 121 114 113 104 95 104 102 91 95 102 114 113 108 108 112 118 128 143 159 168 169 163 161 158 146 145 141 145 150 144 151 143 156 161 161 165 161 154 154 158 153 151 145 141 146 146 147 149 145 147
120 120 119 114 111 108 109 108 106 103 99 95 89 86 84 81 87 85 80 83 76 75 77 76 76 75 75 76 75 75 75 76 79 88 98 100 103 112 123 130 127 113 104 101 94 97 96 89 92 95 101 102 102 108 123 135 140 148 154 159 163 162 156 152 156 159 147 156 158 150 155 157 168 173 175 175 168 154 143 146 147 150 145 133 142 145 145 145 140 142
130 130 128 120 110 105 103 104 104 100 94 90 93 98 95 89 97 91 87 77 76 75 76 76 77 77 75 76 75 75 76 88 91 95 98 99 100 104 111 117 124 119 112 102 97 91 90 89 90 95 97 103 108 111 122 136 141 143 140 146 151 158 165 165 167 160 155 167 161 162 168 174 181 172 171 170 160 151 143 138 134 135 136 127 134 141 143 142 136 138
120 119 115 106 101 97 97 96 94 93 99 106 109 106 97 95 104 105 94 84 84 81 76 76 76 78 76 75 75 75 75 78 87 90 92 91 94 98 99 104 112 120 121 111 98 90 88 93 96 99 98 102 108 126 128 129 134 125 125 133 142 151 157 159 166 164 163 170 168 173 178 180 178 159 163 170 160 155 153 149 145 138 132 126 123 127 136 138 132 131
110 106 104 107 106 104 107 101 105 106 117 117 114 109 102 102 114 124 106 89 95 95 80 75 78 78 78 75 75 75 75 75 77 87 88 86 93 94 96 106 109 110 119 113 97 86 91 100 103 114 109 110 120 124 121 121 124 121 128 144 148 141 137 144 162 164 163 164 163 169 177 178 169 152 148 156 157 152 147 149 148 144 139 134 130 122 121 131 125 130
107 111 116 122 115 116 119 109 115 120 121 119 116 113 109 108 111 113 103 94 110 107 91 78 76 79 79 75 75 75 75 75 75 77 84 83 90 89 91 98 104 102 105 108 99 85 93 97 99 111 122 126 124 113 120 115 118 130 134 139 138 127 138 148 151 151 151 146 142 159 174 177 170 161 150 141 148 149 136 141 142 137 128 119 119 119 116 129 125 126
114 122 128 125 118 124 123 117 118 122 122 120 119 116 112 111 110 106 98 104 113 116 98 83 76 75 79 77 75 75 75 75 75 75 75 79 87 90 90 91 99 105 98 94 90 83 89 92 95 109 125 119 115 110 116 112 125 136 131 122 120 131 138 140 134 135 133 132 151 165 171 171 171 169 161 144 136 140 130 126 125 123 121 128 123 115 111 122 126 120
125 131 132 127 127 128 124 122 120 121 122 121 123 118 114 112 111 110 109 109 109 111 106 86 78 75 76 78 75 75 75 75 75 75 75 77 82 88 89 90 95 106 109 96 83 82 86 90 95 105 116 110 106 105 108 122 132 136 130 111 118 131 127 127 120 118 125 141 159 164 166 157 153 152 148 140 134 133 133 136 135 135 135 138 133 123 112 109 121 120
137 138 135 135 131 127 123 119 114 115 118 119 120 119 116 114 112 111 110 109 108 106 110 96 84 78 75 76 75 75 75 75 75 75 75 75 77 81 87 90 91 98 101 94 81 82 87 88 93 101 103 101 102 108 113 128 129 130 123 108 118 114 111 111 112 123 136 143 147 155 167 164 154 149 146 146 151 150 149 146 144 142 135 126 122 115 112 106 113 116
142 142 137 133 129 123 123 121 117 112 108 109 115 117 116 115 113 112 110 109 107 102 107 106 97 85 77 76 75 76 75 75 75 75 75 75 75 76 84 88 90 92 96 90 81 80 82 88 96 100 98 101 110 116 127 127 121 117 114 104 106 106 113 122 125 123 125 128 133 143 162 170 163 156 153 153 154 153 151 137 130 128 121 116 112 108 106 104 107 111
138 138 135 132 130 130 127 124 122 120 114 104 106 112 113 112 112 111 110 109 106 103 96 103 106 90 84 78 77 75 75 75 75 75 75 75 75 75 75 79 87 92 91 85 80 80 82 94 99 94 98 106 114 121 129 119 113 105 103 100 104 114 131 137 140 141 143 139 142 153 168 167 155 150 146 140 136 134 134 132 126 118 114 110 108 104 102 106 109 114
137 134 129 132 131 127 122 120 121 119 117 110 99 104 111 112 110 109 108 107 105 103 99 93 103 103 94 82 79 76 75 75 75 75 75 75 75 75 75 75 81 90 90 78 76 78 84 96 96 93 98 108 119 125 126 120 108 102 97 102 111 122 132 133 131 135 144 147 151 161 172 171 165 163 159 154 150 135 130 126 123 119 116 109 104 101 102 106 106 108
133 133 122 125 124 120 114 112 117 114 106 112 105 96 105 110 110 107 105 102 103 100 99 90 87 93 101 86 79 78 75 75 75 75 75 75 75 75 75 75 75 77 86 79 75 76 84 93 94 92 100 108 117 121 117 110 104 95 99 105 122 130 124 118 121 131 136 136 142 152 165 167 165 160 154 148 150 142 135 134 134 124 110 101 100 101 100 101 102 102
126 128 117 114 110 109 105 104 104 110 98 100 104 97 94 101 103 101 98 93 95 89 85 85 81 80 83 82 79 79 75 75 75 75 75 75 75 75 75 75 75 75 75 75 77 86 90 91 90 91 100 107 115 115 116 103 94 94 102 110 123 125 110 114 128 128 126 132 140 152 146 142 139 132 130 130 131 125 118 117 124 125 107 99 101 104 105 109 111 111
118 122 116 106 103 95 91 91 94 95 89 90 91 94 90 87 88 87 91 87 82 80 79 78 78 75 75 75 75 75 75 75 75 75 75 75 75 75 75 75 75 75 75 75 78 89 92 90 88 86 91 102 113 110 111 97 94 98 101 108 116 113 103 109 114 116 126 140 146 151 135 122 118 114 113 120 127 124 121 116 108 112 104 99 102 103 103 108 109 108
110 116 115 112 108 93 98 94 89 90 89 86 86 86 85 82 81 81 80 80 81 80 84 84 83 85 86 78 76 75 75 75 75 75 75 75 75 75 75 75 75 75 75 75 75 78 87 91 88 84 89 94 105 105 105 91 95 109 113 105 107 102 111 121 125 124 129 138 139 140 137 116 109 106 117 126 127 123 124 124 112 112 120 103 98 100 100 101 101 99
104 104 107 104 101 92 94 107 109 102 97 94 94 103 93 93 90 97 93 95 93 93 105 111 109 109 105 98 94 82 76 76 75 75 76 75 75 75 75 75 75 75 75 75 75 75 81 91 90 83 87 96 102 99 99 89 102 118 116 98 99 109 120 122 131 132 137 141 134 131 133 114 105 104 111 122 124 113 116 122 110 108 118 115 108 99 98 98 98 100
97 94 93 92 91 92 108 121 117 114 112 108 99 105 101 102 97 108 113 116 115 114 113 110 109 107 106 104 101 90 89 86 81 79 80 80 75 75 75 75 75 75 75 75 75 75 76 83 90 84 79 92 98 95 90 86 106 118 107 95 105 111 109 117 124 124 132 137 134 125 132 113 108 102 102 111 122 118 108 115 112 102 115 113 110 114 108 102 101 106
97 102 96 92 95 96 112 123 125 126 121 111 103 109 106 105 106 111 118 119 117 112 109 107 105 105 104 102 100 99 96 92 87 80 79 78 75 75 75 75 75 75 75 75 75 75 75 77 83 88 77 87 95 99 89 84 97 108 95 95 100 101 107 109 112 124 131 130 135 120 132 130 114 102 99 107 115 114 108 104 110 99 113 108 106 115 106 109 114 122
114 108 95 95 105 102 106 116 124 129 125 111 113 113 111 113 112 115 119 118 115 109 102 97 96 99 99 94 95 97 94 87 81 77 75 75 75 75 75 75 75 75 75 75 75 75 75 75 76 80 77 83 90 99 92 83 92 97 91 96 104 111 122 120 119 126 128 123 129 115 126 119 107 99 95 104 114 114 108 99 105 97 105 102 103 111 101 107 118 125
113 97 99 108 107 113 109 120 129 134 128 115 117 116 115 119 117 117 116 110 104 99 101 104 102 94 91 90 86 86 88 81 80 79 77 79 76 77 75 75 75 75 75 75 75 75 75 75 75 75 75 85 89 92 89 78 92 90 97 103 111 119 123 123 126 130 127 116 127 113 118 110 103 94 92 100 107 109 111 106 97 94 95 96 100 105 101 114 118 118
101 98 113 118 112 122 114 121 133 138 132 121 121 118 120 122 119 116 110 101 105 109 112 112 110 105 102 98 94 84 80 80 86 92 88 93 85 76 75 75 75 75 75 75 75 75 75 75 75 75 75 77 88 90 87 75 84 86 92 95 100 104 115 113 124 124 123 110 114 107 109 103 99 93 88 96 103 99 104 114 109 98 90 91 99 98 98 113 114 113
101 115 128 119 118 128 120 127 135 139 134 128 126 123 124 121 115 106 104 112 114 114 113 111 108 103 96 91 88 82 85 92 97 99 98 106 95 84 77 75 75 75 75 75 75 75 75 75 75 75 75 75 84 90 89 76 80 85 83 89 97 110 110 105 121 117 111 103 104 111 105 95 90 87 85 89 96 94 100 110 112 111 99 85 96 94 98 111 116 104
104 124 133 128 130 136 132 133 140 139 133 128 126 121 118 112 108 110 116 117 117 115 112 106 98 92 90 88 93 87 94 100 101 101 102 107 103 84 77 75 75 75 75 75 75 75 75 75 75 75 75 75 78 88 84 75 86 85 80 82 94 102 99 107 121 121 103 96 107 115 102 91 86 85 82 83 86 90 92 97 101 108 108 92 85 87 95 113 114 96
105 120 126 131 136 143 143 141 141 138 129 122 119 117 114 116 117 116 123 121 118 114 106 98 100 101 94 100 101 91 93 101 103 102 101 104 104 83 83 83 78 76 75 75 75 75 75 75 75 75 75 75 75 77 78 81 90 87 78 78 87 93 107 119 119 112 98 97 114 114 101 90 81 83 79 78 77 84 85 86 89 96 105 102 85 80 93 104 98 88
108 111 115 120 127 135 141 137 133 129 128 131 127 127 121 126 119 123 126 124 121 114 107 100 106 103 100 105 105 101 91 95 100 102 101 102 102 85 96 98 86 80 75 75 75 75 75 75 75 75 75 75 75 75 75 77 86 88 76 81 85 94 113 120 111 94 94 109 118 108 97 91 80 75 76 75 76 78 84 79 81 89 100 105 92 77 84 77 77 78
114 120 123 127 135 139 143 139 133 132 136 136 134 130 129 128 125 131 129 126 122 116 109 103 110 105 104 108 107 105 101 96 99 101 99 96 95 85 95 105 99 90 83 81 77 75 75 75 75 75 75 75 75 75 75 75 76 83 76 81 79 92 110 108 103 89 95 109 118 106 96 88 82 76 75 75 78 80 78 77 78 88 97 101 86 75 75 75 75 75
113 120 125 131 137 143 147 141 141 140 140 138 137 132 134 128 131 135 131 129 124 119 109 108 114 108 105 110 109 108 106 106 104 102 98 94 89 87 98 107 106 104 97 101 95 82 75 75 75 75 75 75 75 75 75 75 75 76 75 79 76 86 104 108 93 87 97 112 119 112 105 95 88 80 76 75 79 84 77 75 78 84 88 87 79 75 75 75 78 75
113 119 124 129 137 144 149 148 148 147 144 144 138 139 139 137 135 138 135 130 125 117 109 114 116 110 107 111 111 110 108 108 107 106 104 103 99 97 98 104 105 106 106 106 98 90 78 75 75 75 75 75 75 75 75 75 75 75 75 75 76 89 103 109 90 88 109 122 119 112 106 102 91 81 75 75 75 76 76 75 76 76 75 76 75 75 76 75 78 76
118 116 118 125 134 141 147 153 152 146 147 149 145 146 145 143 141 139 136 132 125 117 116 119 117 112 110 112 111 111 110 109 110 110 109 108 107 105 105 105 104 103 100 101 100 83 78 79 77 75 75 75 75 75 75 75 75 75 75 75 77 86 99 102 85 86 107 119 118 111 103 103 104 96 83 75 75 75 75 75 75 75 75 75 75 75 79 75 76 77
125 125 121 122 128 132 143 154 155 150 143 147 146 144 139 138 136 133 130 129 126 122 122 122 119 116 115 115 114 112 112 111 113 113 112 111 109 108 108 108 107 105 102 96 87 87 91 95 85 76 75 75 75 75 75 75 75 75 75 75 75 77 86 89 77 84 100 108 113 115 108 99 108 107 95 76 75 75 75 75 75 75 75 75 75 75 75 75 76 76
127 129 129 126 127 133 144 151 148 146 142 137 136 134 130 127 125 122 120 118 121 122 124 124 122 119 118 117 116 115 114 112 112 112 111 111 110 108 106 107 107 106 105 100 90 103 107 105 91 88 77 75 75 75 75 75 75 75 75 75 75 75 77 78 75 86 92 95 101 106 101 94 104 101 86 75 75 75 75 75 75 75 80 78 75 75 75 78 80 81
129 131 132 132 133 139 147 151 150 147 144 142 139 136 136 138 137 135 133 125 116 112 112 117 120 120 119 117 115 114 111 110 109 110 110 108 107 104 102 98 105 107 105 100 98 107 109 107 102 89 76 75 75 75 75 75 75 75 75 75 75 75 75 75 75 83 82 85 92 92 87 95 102 95 84 75 75 75 75 75 75 81 95 96 78 78 75 78 78 88
133 134 135 136 137 142 145 144 144 143 140 138 135 131 129 132 134 134 128 125 126 125 117 107 105 112 116 116 113 112 111 110 105 102 101 97 96 94 90 90 100 104 103 104 105 106 107 103 95 83 75 75 75 75 75 75 75 75 75 75 75 75 75 75 75 75 75 82 88 80 85 92 96 91 76 75 75 75 75 75 76 91 102 105 102 98 86 79 88 100
