elevation.asc
ncols         536
nrows         773
xllcorner     -3.262084961
yllcorner     4.7407226560001
cellsize      0.0083253775074627
NODATA_value  -9999
[rows 40 to 79 of 773, columns 270 to 359 of 536]
164 177 176 170 167 173 178 183 187 195 191 179 184 186 178 184 180 178 190 194 201 210 221 216 202 198 200 201 204 213 218 226 226 223 230 238 248 259 270 253 241 234 237 236 229 229 221 214 206 202 195 188 192 200 197 199 209 211 224 227 230 224 218 220 214 208 205 195 194 194 192 186 184 184 173 169 173 186 189 182 176 172 171 172 181 186 184 193 202 212
166 173 169 165 170 177 185 192 193 188 180 175 177 178 174 180 175 183 200 209 215 220 214 206 196 190 194 199 202 205 210 215 217 226 243 249 262 265 254 237 232 229 226 231 235 237 236 225 216 217 204 194 186 188 190 194 200 209 221 225 231 228 216 212 208 201 195 189 183 182 182 177 174 172 171 169 172 176 183 179 170 169 176 182 187 196 190 190 199 209
163 168 164 167 173 181 191 192 184 184 175 169 170 170 172 173 178 190 202 215 215 215 203 194 187 191 202 210 207 210 217 221 222 229 245 264 274 264 243 227 223 227 222 220 230 246 240 233 229 227 219 202 192 187 186 190 196 202 211 219 226 219 210 202 202 200 189 184 190 183 184 183 182 180 177 170 171 171 177 170 168 177 184 187 197 202 195 196 203 211
161 161 164 170 179 188 191 191 177 172 172 167 172 175 182 181 186 201 209 214 206 200 193 184 186 196 206 217 217 216 219 226 233 234 243 257 273 276 238 220 217 224 220 217 228 239 254 246 239 239 235 215 200 196 187 186 192 203 215 227 229 217 210 206 198 194 189 191 198 193 197 192 192 199 192 177 171 168 169 168 175 181 181 186 195 207 205 203 213 224
167 160 167 173 181 187 180 181 174 166 165 169 179 184 192 192 194 210 220 210 199 190 181 180 192 203 209 213 224 228 226 234 244 239 237 250 272 254 226 216 212 219 219 213 219 231 249 244 227 225 222 209 197 196 188 185 192 203 232 246 233 219 219 211 200 198 191 200 209 208 206 203 207 210 198 187 185 172 168 167 170 171 180 185 189 201 208 211 224 263
169 163 166 174 180 183 171 171 169 163 170 173 174 180 186 194 204 219 218 207 190 180 179 188 197 214 222 224 226 226 234 268 248 232 228 252 276 242 225 219 210 210 209 209 217 231 246 243 229 215 208 204 188 185 185 188 197 212 234 242 233 223 224 211 213 205 194 205 214 209 201 198 204 206 197 192 186 181 179 171 169 168 172 176 184 193 202 215 229 243
163 161 168 176 184 170 164 162 162 167 171 179 184 183 185 195 202 209 207 194 182 174 179 191 203 212 220 222 219 216 233 278 247 217 221 259 299 254 221 212 207 203 205 213 223 231 246 253 244 227 209 197 187 184 192 196 202 211 228 239 236 236 227 218 214 204 198 209 215 208 198 189 192 191 197 199 192 178 178 179 172 168 169 175 184 192 204 211 223 231
163 161 170 177 180 171 161 166 168 176 179 183 192 191 194 193 192 190 193 184 172 175 184 192 206 203 209 213 209 214 238 244 222 209 218 248 275 264 227 214 207 200 206 216 219 227 238 248 237 221 210 199 185 183 202 208 207 219 228 239 238 227 225 211 207 204 212 214 205 205 201 190 181 180 182 191 192 179 172 171 169 172 174 179 192 201 215 223 223 222
161 161 169 177 168 162 162 171 176 176 179 186 196 200 200 196 188 182 177 171 170 181 198 202 201 195 198 203 202 213 231 223 208 201 219 258 252 257 244 215 206 195 201 209 210 223 239 244 232 217 206 194 181 184 197 214 218 221 228 251 236 225 216 214 218 217 222 215 200 191 194 186 177 173 172 176 186 175 168 168 170 176 181 182 191 204 215 218 219 214
158 168 178 173 164 162 170 173 170 175 183 188 194 201 198 193 189 179 171 166 172 185 189 189 188 187 191 195 202 216 225 212 198 200 222 257 239 236 226 208 198 192 203 201 204 223 241 233 236 225 209 192 180 189 197 208 246 215 214 233 228 231 224 228 223 222 216 211 202 189 182 179 183 186 178 169 172 169 169 170 172 180 193 194 199 204 208 206 207 210
157 166 174 173 161 161 163 165 171 177 181 185 193 190 188 184 176 168 165 165 175 184 177 177 180 184 193 203 211 213 213 202 188 200 218 237 228 225 228 211 198 189 190 194 205 221 235 233 219 216 211 193 180 180 186 199 198 199 209 216 222 224 232 237 218 208 205 202 192 186 190 186 192 195 181 174 167 169 168 177 183 182 193 202 207 211 203 202 214 222
157 162 166 162 157 161 166 167 173 180 188 190 189 180 178 174 167 160 162 165 167 170 173 180 186 186 197 203 215 212 200 189 186 195 207 221 218 213 224 205 196 189 185 195 206 218 230 244 227 214 202 194 184 176 180 191 185 193 204 207 214 220 229 237 221 207 198 194 189 193 203 196 199 196 190 181 170 167 172 183 192 192 197 207 213 215 205 202 212 216
158 158 162 156 158 166 171 174 175 180 187 190 188 178 171 166 159 162 163 165 166 169 178 187 195 192 193 200 210 218 199 184 179 186 198 217 208 204 214 204 192 183 184 192 204 225 254 253 242 220 205 195 187 178 176 178 180 189 196 205 212 225 232 233 227 215 204 206 197 204 208 208 204 194 184 180 172 167 178 184 185 190 194 200 208 217 211 198 203 214
157 157 156 155 161 162 164 166 167 176 181 182 188 181 163 156 163 172 175 177 176 171 176 184 190 197 198 208 222 220 204 180 175 178 187 203 195 200 212 204 192 183 180 187 194 222 234 265 274 246 219 199 192 178 174 173 176 185 198 206 218 226 229 225 221 226 216 216 202 202 216 219 209 197 186 175 167 168 176 177 182 188 197 204 215 221 211 201 198 209
165 160 155 152 152 152 156 158 163 172 171 178 179 164 155 160 163 170 179 184 187 180 178 184 188 191 201 213 225 208 191 181 171 171 182 194 183 190 199 204 192 180 176 180 191 213 226 259 272 248 225 210 196 191 182 174 173 182 193 207 216 225 233 223 218 230 238 229 211 212 221 223 207 194 179 173 167 166 177 185 191 197 206 213 224 226 219 206 192 202
171 167 164 159 156 153 151 153 159 165 176 184 171 158 156 169 174 168 171 179 190 191 187 192 197 202 201 199 214 206 191 183 172 166 175 184 176 183 196 201 190 181 174 181 189 201 217 243 258 242 229 218 203 187 182 174 170 181 196 202 223 235 231 218 214 230 239 236 219 220 228 210 200 186 180 175 168 166 178 188 197 195 200 207 221 219 209 200 191 196
178 172 169 166 158 150 151 157 166 178 190 176 164 153 159 172 183 179 177 175 181 191 201 224 220 209 203 185 210 218 203 179 167 165 164 167 170 182 194 196 184 180 173 185 191 204 215 238 252 238 235 214 197 192 188 174 170 180 189 206 227 235 237 217 211 224 236 233 230 229 223 205 195 189 183 175 167 167 174 185 185 194 198 197 211 214 214 203 191 191
175 165 159 157 153 150 155 164 178 188 179 168 158 151 158 170 181 185 186 180 183 193 209 259 262 223 235 179 176 192 199 168 161 170 194 159 164 178 190 198 184 173 170 178 184 192 203 227 238 237 233 215 202 189 177 169 171 178 192 208 217 241 242 223 208 219 220 232 232 233 228 218 206 196 186 177 168 166 171 177 186 189 189 188 197 210 233 224 202 189
166 158 154 150 148 150 158 175 183 184 175 166 156 150 161 171 179 180 185 187 187 197 217 305 302 262 260 170 165 174 173 162 157 174 206 155 160 173 185 191 184 171 166 172 179 187 203 217 220 227 227 221 206 189 183 176 170 179 195 198 226 229 227 216 204 211 213 240 221 224 232 227 214 211 209 197 179 168 167 172 183 181 176 184 200 214 229 221 205 188
165 158 153 151 148 156 168 175 184 176 166 157 150 151 162 175 172 170 181 186 192 200 243 313 294 299 194 158 174 171 169 157 152 163 167 152 161 172 175 178 181 170 164 171 179 189 200 204 217 221 223 228 217 199 201 177 168 177 181 197 215 215 223 217 201 202 216 245 218 215 233 227 215 218 234 238 227 188 165 166 172 170 175 196 218 214 218 224 210 189
172 166 159 151 145 155 158 170 176 171 166 153 147 157 166 166 163 170 173 181 183 211 268 251 286 209 154 152 183 160 152 157 153 155 160 148 153 162 164 174 174 167 162 169 177 183 188 202 219 217 224 226 214 223 202 187 168 168 186 200 205 206 204 210 202 197 211 229 213 216 241 229 212 215 225 227 235 221 185 168 165 165 180 198 223 214 207 216 215 190
174 167 162 156 149 145 157 161 164 164 158 149 151 158 155 157 162 164 170 174 178 206 224 204 201 152 148 156 165 146 145 148 146 147 152 145 150 157 161 169 162 160 165 167 173 177 187 202 212 220 232 238 238 247 223 189 173 168 189 204 202 203 192 198 212 198 197 210 205 217 233 228 210 205 215 216 228 229 216 190 173 165 175 198 218 213 202 203 203 192
176 172 166 160 153 145 147 150 158 164 158 149 146 149 156 164 168 169 171 174 175 178 181 168 158 150 140 142 147 140 142 144 158 157 144 142 145 151 158 161 157 164 175 174 183 181 193 206 209 223 237 242 239 244 240 204 173 168 180 187 198 216 192 188 211 212 197 193 196 210 226 223 207 196 209 207 214 214 222 221 196 170 169 196 204 199 193 190 187 182
188 180 170 171 158 147 143 144 153 159 150 144 148 154 156 160 164 170 179 175 167 162 159 157 154 147 140 142 143 142 142 144 142 143 151 144 144 145 155 154 157 172 186 185 193 188 203 207 207 220 235 234 226 209 210 187 176 165 174 180 196 205 194 182 200 214 212 189 191 205 222 215 202 189 204 199 200 198 197 212 205 173 168 187 189 184 181 179 176 172
194 183 182 175 160 153 146 141 151 155 147 144 150 155 161 166 174 176 175 170 172 170 175 164 152 146 139 143 148 152 143 142 142 150 187 156 144 144 154 152 158 170 188 208 209 203 227 215 205 220 234 224 227 217 195 178 166 162 170 176 198 194 185 177 185 197 213 192 183 196 213 208 199 185 192 193 189 180 185 195 192 167 174 176 175 172 170 169 167 168
186 177 184 178 167 156 148 141 147 145 142 146 151 158 161 169 176 167 170 169 169 183 174 161 149 142 138 143 153 159 150 147 147 149 157 150 145 144 148 150 156 170 192 203 234 224 232 217 203 218 230 216 223 229 208 196 191 171 161 178 190 177 168 167 168 175 194 201 181 182 197 196 188 185 180 185 177 168 168 173 176 164 166 164 165 165 164 165 168 170
182 172 180 183 171 162 153 145 140 142 147 149 160 173 175 171 173 165 158 155 175 173 160 149 144 138 138 144 158 162 156 154 157 159 154 148 148 144 147 154 159 171 184 204 235 222 223 215 199 212 224 209 218 223 219 205 183 174 164 171 177 160 163 169 162 160 175 190 186 176 181 183 177 173 169 169 164 162 164 165 166 170 175 175 165 167 170 171 174 180
179 172 166 172 169 159 154 145 139 148 156 158 158 168 176 182 180 177 173 156 155 156 144 140 137 138 143 148 173 175 163 173 223 229 170 147 145 145 151 162 169 173 187 216 231 213 211 211 194 208 224 205 205 209 204 188 165 165 187 197 169 158 182 195 189 174 163 173 173 169 168 170 166 164 162 164 164 166 177 226 298 325 356 291 193 180 177 181 186 206
164 167 160 164 161 155 157 143 143 168 175 164 161 172 181 188 191 175 166 166 149 138 135 136 139 144 151 155 192 190 207 230 236 241 195 154 147 145 150 174 193 195 211 215 227 210 202 210 190 202 220 209 196 199 196 183 162 178 195 190 178 161 179 181 179 173 163 159 162 161 160 161 162 162 172 248 273 197 274 392 433 430 429 430 361 261 242 216 234 370
155 160 156 156 156 149 145 140 145 170 159 165 171 175 180 182 188 170 158 162 147 137 138 139 146 152 158 164 219 224 236 224 220 228 221 204 166 148 148 177 199 208 212 203 220 208 193 202 188 195 208 204 191 189 181 186 176 168 178 174 168 160 167 176 182 175 166 163 162 162 168 212 175 174 264 405 323 330 423 435 418 415 432 454 445 430 413 395 367 400
149 155 154 149 153 147 140 139 146 148 150 159 170 189 178 172 184 173 157 150 139 137 141 150 152 158 177 211 237 251 248 231 211 215 215 208 191 164 149 173 182 203 204 196 206 202 186 191 184 187 196 188 186 175 168 167 170 160 164 164 160 158 209 285 295 253 230 216 237 252 225 314 315 236 365 413 395 430 408 419 404 404 432 437 439 449 416 400 400 386
145 149 151 146 148 147 141 138 140 149 160 176 186 192 182 164 172 174 158 142 137 138 145 154 170 201 207 244 234 237 241 230 206 201 211 209 207 180 156 152 174 196 193 184 188 188 179 178 175 179 181 174 174 166 162 161 158 155 155 156 156 182 359 419 434 436 406 378 407 423 392 409 402 364 389 397 414 440 405 395 395 403 431 424 433 444 433 393 376 370
142 143 144 143 146 148 144 139 142 158 170 187 194 182 180 163 160 165 152 138 135 141 152 164 196 222 237 239 225 221 222 222 210 191 200 197 201 185 159 147 167 180 176 172 173 170 169 166 165 170 166 162 161 155 152 162 152 152 152 151 153 193 384 394 440 429 440 425 404 411 416 432 413 386 383 385 414 420 397 373 383 401 421 409 425 407 412 400 374 358
138 138 138 143 152 159 157 145 138 149 156 172 184 174 167 164 150 152 141 135 136 145 150 157 176 207 226 226 216 209 206 206 201 192 182 184 186 178 162 152 164 166 164 160 156 154 156 157 155 156 153 152 151 151 152 217 183 158 152 152 168 207 284 398 443 418 415 437 407 389 393 415 427 404 377 377 399 385 373 370 391 418 428 399 394 388 377 383 378 351
134 134 137 148 149 153 150 153 138 137 151 176 172 169 159 159 147 143 137 136 154 181 187 183 195 217 212 208 204 198 195 188 187 180 176 167 165 158 153 161 157 155 154 151 153 176 151 152 151 149 149 149 150 152 163 178 269 320 255 181 265 394 394 416 437 422 394 419 410 377 372 391 401 408 380 368 387 379 354 369 393 412 417 413 389 370 361 348 351 353
130 130 136 138 137 141 141 146 146 135 142 156 163 155 148 150 144 135 135 148 186 201 207 217 211 203 196 191 187 182 178 175 172 167 163 158 152 148 152 150 149 148 148 149 182 318 187 229 259 205 158 156 156 217 319 309 369 399 407 321 339 403 380 392 402 417 384 410 411 383 358 368 378 395 375 359 372 364 344 373 397 386 382 386 397 396 377 351 329 334
130 130 131 131 131 132 132 133 135 133 138 145 146 165 151 142 141 135 140 178 184 190 201 202 196 190 182 177 173 168 164 166 162 157 153 148 145 146 148 149 146 146 148 150 237 295 326 394 429 345 298 290 270 275 387 385 396 388 384 393 388 391 369 360 389 414 372 389 395 379 360 349 381 404 371 350 356 360 337 363 403 381 354 354 396 377 374 342 322 317
131 131 133 138 136 133 134 133 132 133 134 136 137 165 160 136 136 139 168 170 178 198 197 189 182 176 171 166 163 161 158 158 155 151 148 144 144 145 146 147 148 150 150 158 215 194 231 365 418 414 420 415 386 384 388 384 381 380 364 384 384 366 349 358 391 393 359 367 384 380 363 342 365 407 375 355 340 351 335 334 356 374 349 341 376 350 372 375 339 308
133 134 142 173 176 184 189 176 146 137 140 136 135 150 148 137 142 145 154 162 183 185 183 181 178 173 170 168 170 171 162 158 155 154 150 146 147 146 151 151 148 152 155 160 174 199 319 391 400 411 407 412 401 392 390 385 370 359 352 369 386 368 332 346 354 371 347 353 358 362 347 333 356 368 358 357 335 341 338 319 331 362 349 329 349 333 345 355 348 315
145 140 143 168 212 206 195 180 168 157 153 143 137 142 140 159 171 175 179 178 177 180 184 187 211 182 178 174 177 182 174 170 164 166 162 154 150 157 178 179 156 155 163 165 172 235 330 383 388 382 397 422 412 396 380 365 363 359 338 355 380 361 331 321 351 364 344 331 343 357 338 325 356 366 344 339 328 337 345 316 317 343 344 321 333 322 329 321 337 319
