elevation.asc
ncols         536
nrows         773
xllcorner     -3.262084961
yllcorner     4.7407226560001
cellsize      0.0083253775074627
NODATA_value  -9999
[rows 200 to 239 of 773, columns 270 to 359 of 536]
130 125 130 137 147 157 164 169 169 157 155 154 156 163 175 185 190 194 189 186 176 165 161 156 150 145 142 143 146 143 138 140 141 138 147 146 137 148 147 144 147 157 164 156 149 144 139 137 136 135 137 138 143 157 162 155 144 137 145 154 137 132 133 133 135 139 144 146 146 147 147 148 148 151 154 158 156 157 158 162 162 163 165 169 170 174 181 188 189 197
134 127 130 139 151 159 167 176 172 161 161 159 160 166 179 200 191 184 182 177 177 165 162 159 152 144 141 139 139 138 134 133 135 133 139 137 135 138 138 140 145 151 164 163 150 143 140 137 133 132 132 136 146 156 151 147 143 136 136 144 133 131 133 137 142 149 160 166 167 168 167 165 168 172 170 172 168 166 162 162 164 164 164 169 171 174 176 179 189 192
137 129 132 143 152 160 166 164 173 167 162 166 172 171 178 201 188 173 170 167 171 163 155 151 145 141 138 137 135 133 131 129 128 128 131 130 130 133 144 146 153 155 166 166 156 155 153 148 137 130 130 137 144 149 146 139 135 132 131 131 130 136 146 150 154 163 174 183 193 199 197 187 201 201 206 195 197 179 174 170 178 173 172 174 181 190 187 185 186 191
135 132 134 141 147 153 159 164 174 175 173 171 186 193 203 203 187 181 170 163 160 157 151 148 145 145 144 140 138 137 134 133 129 127 125 125 127 135 148 158 161 166 169 164 160 162 160 154 140 131 128 130 132 141 148 138 130 128 127 128 132 140 147 152 155 164 170 182 192 205 213 210 224 229 233 220 217 208 194 180 188 184 177 180 189 207 206 193 193 203
140 135 134 140 145 155 169 177 173 179 187 188 203 214 215 205 195 196 182 173 162 156 152 151 150 152 148 146 143 140 139 142 136 129 124 123 125 134 151 153 149 162 163 157 153 150 149 145 142 136 130 126 126 134 144 137 126 125 126 126 129 131 134 138 141 150 154 163 171 183 193 203 205 200 207 211 217 231 229 207 199 191 185 188 190 201 210 208 208 216
147 138 134 138 143 153 170 178 173 183 196 204 203 203 198 200 184 189 187 186 174 166 159 154 153 156 156 155 150 147 149 153 153 140 127 122 123 132 145 146 146 153 149 151 147 143 140 138 141 144 136 126 123 129 133 129 124 124 125 127 131 134 135 137 141 144 148 149 156 163 174 187 180 178 187 191 197 213 231 239 219 208 192 199 198 205 211 222 232 242
144 139 139 144 147 154 170 173 172 190 195 188 182 179 183 192 178 172 167 166 162 160 155 151 149 149 153 151 153 159 164 156 146 140 132 122 121 127 138 137 141 141 141 143 147 145 142 138 133 137 135 128 122 123 124 123 123 130 134 133 135 138 141 145 145 151 156 153 157 163 173 174 165 168 174 179 186 200 221 234 238 220 202 203 212 222 224 228 224 235
149 144 143 152 160 163 169 167 173 183 177 171 173 168 176 183 175 168 162 157 153 149 147 143 143 143 146 145 145 150 162 154 146 134 129 124 120 124 132 130 132 136 138 143 149 150 147 139 134 130 128 126 124 120 120 122 125 136 150 145 144 149 143 150 155 159 162 159 158 164 179 164 160 164 170 177 190 207 222 229 235 234 212 210 214 234 247 259 247 245
159 154 147 154 166 168 161 164 175 183 172 164 162 164 174 188 185 181 176 167 159 150 145 141 138 139 140 140 141 150 161 154 143 137 129 123 119 124 127 126 133 138 138 145 150 145 144 139 142 137 132 125 125 122 120 123 126 132 141 150 157 160 150 157 161 167 170 169 166 166 166 156 159 165 168 175 188 207 221 226 231 237 226 229 237 239 253 270 274 262
170 159 152 156 166 164 157 162 170 180 172 165 160 159 168 171 178 191 188 176 170 155 151 146 139 135 136 134 136 145 148 148 146 136 130 121 118 122 126 123 128 133 138 142 147 147 138 136 140 145 142 130 121 121 119 122 127 130 136 146 160 168 161 166 176 177 170 157 154 154 152 153 156 159 165 174 188 204 216 221 225 234 245 248 259 267 267 267 277 248
177 163 159 164 163 155 155 163 171 178 168 161 155 156 167 164 179 194 199 186 166 163 163 157 145 138 134 131 131 135 135 136 139 132 126 123 118 117 119 121 126 134 136 135 140 146 140 132 131 136 141 131 120 119 119 122 125 131 137 144 156 170 177 178 176 170 165 152 147 147 151 161 163 163 166 172 181 200 207 215 216 227 247 256 260 257 250 257 271 254
175 166 171 169 161 151 153 164 176 177 172 163 154 151 157 163 180 191 195 178 175 176 179 166 148 143 139 131 129 127 127 127 128 126 122 120 117 116 116 119 126 127 129 134 147 151 139 130 126 128 133 126 118 117 121 131 130 130 139 148 157 164 174 172 169 162 159 152 145 149 156 158 157 158 162 170 183 199 200 205 208 222 242 247 243 240 258 271 271 251
167 176 178 172 158 149 150 160 175 168 171 163 153 147 150 156 169 182 187 186 192 193 176 158 149 144 138 134 131 128 125 123 123 122 120 118 118 116 115 117 121 122 126 134 147 148 138 131 126 122 123 120 117 116 119 132 136 135 136 151 163 157 163 161 170 158 150 146 144 149 153 153 152 154 158 164 172 182 200 198 207 220 228 227 234 253 277 268 248 251
169 184 178 168 162 148 148 156 165 157 165 158 153 145 152 156 160 169 174 183 195 185 171 164 153 144 138 136 132 129 128 127 124 123 122 120 122 121 115 114 116 121 134 141 148 143 132 131 130 128 122 116 116 115 118 124 131 143 148 152 156 152 156 158 161 154 144 140 148 157 147 147 152 161 160 163 170 183 200 197 205 213 219 234 246 264 263 239 232 234
170 182 177 166 158 150 144 151 160 150 152 148 145 145 158 165 165 167 172 180 178 174 176 162 150 145 143 138 133 132 133 134 129 130 129 126 128 122 117 114 115 121 135 144 143 141 132 128 125 129 126 115 114 116 120 124 134 149 153 145 146 144 150 154 145 148 141 140 150 151 144 148 154 163 167 165 169 178 193 196 201 208 216 227 242 248 249 244 224 224
159 174 185 180 163 151 143 151 155 147 143 140 140 147 159 164 175 178 178 178 172 164 163 159 156 154 151 140 136 144 142 139 137 140 135 130 125 124 119 114 113 117 125 128 127 128 134 137 128 120 115 113 116 123 127 130 141 146 148 139 140 149 149 145 139 139 136 142 143 142 146 151 153 157 162 166 173 180 199 194 195 200 205 216 225 236 252 251 226 213
154 162 178 183 170 153 142 147 155 149 138 137 142 148 152 158 169 177 180 176 173 170 173 170 168 159 149 140 141 150 148 146 148 146 139 135 131 130 122 115 112 112 116 118 117 125 133 142 135 122 114 113 113 119 123 128 136 142 138 136 140 150 143 138 134 133 135 138 144 150 158 166 164 161 165 170 180 187 209 206 197 191 203 229 236 246 237 238 220 205
146 155 166 179 179 162 146 140 147 142 135 137 142 149 158 163 168 174 171 167 166 174 172 162 158 154 146 143 147 152 158 158 158 153 148 139 136 129 120 119 113 111 111 111 114 119 127 135 125 117 113 111 113 117 124 129 135 136 131 133 141 144 139 132 131 133 138 143 159 170 171 170 177 179 184 186 205 205 215 218 211 192 201 214 224 233 213 217 210 198
140 148 158 176 181 171 154 140 141 142 133 140 147 151 159 163 168 175 164 160 158 166 172 164 156 153 149 151 151 158 161 155 153 145 146 140 130 124 124 125 115 114 113 110 110 113 121 126 117 113 111 111 111 116 124 134 140 134 128 136 140 138 134 129 130 139 153 160 162 161 164 175 177 177 176 193 217 212 208 211 212 199 186 201 218 219 202 198 196 191
139 148 159 168 165 161 156 144 134 135 132 140 148 156 158 155 159 169 166 153 154 162 170 169 160 159 156 158 161 164 156 149 143 139 136 137 135 130 131 127 119 120 119 111 109 109 117 119 113 110 110 110 111 118 128 138 135 128 127 134 134 131 128 127 130 143 150 152 151 160 171 174 162 164 165 178 197 209 212 207 201 188 179 182 193 200 195 186 185 196
142 151 155 162 155 151 146 141 137 133 130 136 144 148 146 150 161 169 157 148 149 156 162 168 166 164 158 159 163 168 164 152 150 147 137 133 129 128 127 127 123 124 122 113 108 108 116 113 110 110 109 109 114 124 139 135 128 124 123 126 126 125 125 126 133 143 139 145 146 150 155 150 151 154 157 166 172 179 191 211 211 195 183 175 180 185 183 179 194 215
146 158 161 167 160 153 148 146 141 136 130 132 138 140 147 157 164 159 151 144 144 151 158 161 158 155 150 152 152 152 161 157 146 147 142 135 129 125 122 120 119 117 116 112 108 108 116 113 108 108 109 110 117 130 140 126 121 120 120 120 121 123 123 124 129 134 136 141 138 142 143 145 146 151 158 160 165 180 195 209 210 202 186 175 176 178 174 185 200 207
154 157 154 165 169 160 155 150 147 136 129 129 134 142 151 154 159 159 151 144 142 151 156 155 158 152 145 143 146 144 148 151 145 138 142 138 134 135 129 121 118 115 112 110 107 106 108 108 107 108 109 114 124 134 135 120 116 118 119 121 122 124 125 125 126 128 131 132 134 136 139 141 144 150 155 155 160 170 188 204 201 195 187 174 171 173 174 191 194 191
147 146 147 157 169 166 162 152 145 135 127 129 134 137 142 150 163 159 151 143 139 147 150 149 156 153 148 142 138 143 141 141 143 135 135 138 133 139 135 131 128 120 114 109 107 106 106 106 107 108 114 122 133 128 126 117 116 118 123 129 125 129 134 132 127 128 130 138 143 143 144 146 149 151 151 153 160 170 186 201 199 186 180 173 167 167 179 189 185 177
139 142 148 155 167 163 156 145 138 134 128 126 128 133 141 151 162 160 147 138 135 140 144 153 158 150 145 140 135 134 133 133 134 130 129 131 126 129 127 127 129 124 119 112 107 105 105 107 111 113 120 126 129 120 117 114 116 121 130 137 130 131 142 141 132 131 131 135 146 150 150 153 154 158 159 157 163 178 182 195 204 197 186 178 171 165 178 181 175 180
149 150 158 165 171 162 149 145 141 136 130 125 125 129 137 148 159 159 145 134 132 137 144 152 156 156 149 143 137 132 129 127 126 124 124 123 122 123 125 119 120 125 124 121 110 104 105 109 116 120 119 117 118 115 113 114 116 121 132 136 133 136 142 145 138 135 136 134 139 142 145 147 150 161 166 163 164 176 180 186 199 196 193 189 179 164 173 173 171 190
156 163 157 161 161 158 156 156 151 147 135 126 124 124 132 138 150 154 144 133 131 135 143 148 150 150 150 148 144 137 133 132 130 124 121 120 118 117 119 115 114 119 121 114 110 103 105 111 120 120 113 112 112 112 112 113 116 120 123 126 132 133 136 143 141 140 140 137 138 143 145 150 151 159 163 169 170 177 180 175 182 181 189 192 185 168 163 168 168 184
156 162 152 148 152 152 153 152 154 153 143 129 122 122 125 130 145 152 137 130 129 138 143 140 146 146 144 149 149 141 140 143 144 132 130 127 122 117 113 112 110 109 109 106 105 103 105 115 121 113 108 109 109 110 112 114 115 117 120 122 126 130 135 137 143 144 148 141 140 145 152 153 154 161 171 176 176 185 184 172 169 172 184 185 185 174 161 162 163 173
153 149 144 144 144 144 145 145 150 151 145 130 123 121 121 124 136 142 131 125 130 142 145 136 140 148 140 144 156 152 151 156 153 140 135 127 126 121 116 117 114 113 111 109 105 103 104 115 116 107 107 108 109 112 116 115 117 118 121 127 127 130 132 140 146 150 152 147 143 145 148 151 157 166 186 192 187 194 189 181 169 165 169 171 183 176 162 159 163 182
149 138 137 143 136 134 137 139 145 149 145 132 125 122 120 119 126 126 122 125 133 142 135 133 140 139 136 138 144 149 146 154 158 146 137 134 131 125 121 120 117 120 118 116 110 103 104 114 109 106 108 112 113 114 120 120 122 122 122 127 129 134 137 140 145 153 153 147 148 154 154 155 157 167 183 186 185 181 179 180 175 166 162 166 182 176 168 157 162 181
142 132 136 142 133 130 133 135 143 146 144 139 134 129 122 119 119 120 121 130 137 132 127 133 141 134 129 131 138 138 138 148 157 148 144 146 144 136 134 129 128 126 117 111 108 103 103 107 105 107 111 115 118 116 118 123 127 128 125 128 132 133 136 142 146 153 155 152 154 155 160 162 162 165 180 184 181 178 174 170 168 165 161 161 177 187 175 159 158 176
132 127 136 140 133 125 126 135 138 135 141 146 144 135 123 117 116 117 121 132 139 132 123 127 135 130 125 128 133 132 134 145 148 143 144 138 141 142 140 131 129 123 114 107 102 102 103 104 104 107 113 117 122 120 122 123 129 133 131 131 135 137 141 141 145 148 155 160 162 161 169 171 171 177 191 194 196 194 189 184 173 168 164 158 170 185 179 161 155 167
125 125 131 138 133 121 124 134 130 129 140 145 144 133 123 118 116 116 119 121 126 127 120 127 133 127 121 123 127 132 137 144 141 135 136 131 133 129 128 125 121 120 116 107 102 101 102 103 104 107 110 117 124 126 129 131 139 140 138 139 140 144 150 154 157 153 159 166 172 174 190 195 184 192 189 186 191 195 191 190 176 179 175 159 164 181 177 160 154 161
121 119 127 137 135 121 125 130 123 124 133 143 145 133 128 122 116 115 115 113 116 118 116 119 124 119 119 122 127 136 141 145 148 137 130 125 128 125 123 119 115 111 108 104 101 101 102 104 107 111 111 114 121 128 128 131 139 138 139 142 144 148 151 159 162 158 159 171 178 185 190 202 200 201 193 185 178 177 176 184 186 189 180 161 159 176 174 156 154 162
129 118 126 137 132 118 121 123 119 125 131 143 147 142 136 124 119 115 114 113 112 113 113 113 115 115 118 124 126 133 134 137 143 140 133 125 120 118 116 115 116 114 110 103 101 102 105 107 111 120 121 122 125 127 123 130 133 130 133 136 138 143 150 155 155 152 156 167 166 175 186 194 190 198 186 185 184 181 174 170 175 179 176 164 154 165 166 152 154 161
132 117 121 131 129 115 114 118 128 136 137 145 149 148 136 127 128 122 122 120 114 112 111 110 111 115 125 129 122 125 128 132 140 137 134 130 124 119 115 111 114 120 114 103 101 101 104 111 119 122 121 125 122 122 121 128 126 126 129 135 141 145 153 155 152 147 152 156 158 163 174 183 183 193 184 177 184 188 184 176 166 163 160 158 152 155 155 152 163 177
125 114 115 123 120 112 119 130 136 140 144 148 152 152 143 138 140 133 136 126 117 115 113 110 110 115 121 120 117 121 124 128 137 141 132 127 125 122 117 111 108 111 109 102 100 101 103 109 118 115 114 118 117 116 118 121 123 130 136 141 146 140 144 144 144 143 147 153 162 158 163 175 178 187 186 174 174 176 177 181 172 167 162 153 151 149 149 160 171 186
128 113 112 114 110 114 129 134 137 140 144 149 152 154 154 152 150 146 139 128 124 126 121 113 109 108 111 114 114 122 132 127 129 134 135 133 126 120 117 115 108 105 103 100 100 100 103 105 108 109 109 111 113 115 121 123 129 135 142 138 142 135 135 140 139 140 144 154 156 155 161 175 173 173 171 169 167 166 163 165 171 176 174 159 148 147 151 161 172 185
128 114 107 106 112 124 134 133 135 138 143 148 149 152 155 154 153 147 142 139 137 131 125 123 113 107 107 110 114 122 123 120 125 135 131 129 129 123 117 113 110 106 102 100 100 100 102 104 105 107 109 111 114 119 124 127 128 131 131 128 132 130 131 133 135 138 141 144 147 151 157 168 180 174 177 180 180 176 169 170 161 160 165 162 148 150 154 158 168 172
128 121 106 106 117 126 126 129 134 139 144 147 142 146 155 158 156 151 147 140 140 131 120 119 119 111 107 108 111 118 115 119 124 135 133 124 119 118 118 114 108 108 107 102 100 100 105 113 113 112 114 120 120 118 117 118 120 122 123 124 126 128 130 133 137 146 149 149 151 153 155 162 171 183 189 192 191 185 184 186 174 160 155 155 147 144 145 151 169 173
