ndvi.asc
ncols         536
nrows         773
xllcorner     -3.262084961
yllcorner     4.7407226560001
cellsize      0.0083253775074627
NODATA_value  -9999
[rows 360 to 399 of 773, columns 267 to 355 of 536]
173 169 158 154 146 171 172 156 170 170 148 141 144 160 154 160 160 159 161 171 168 159 168 164 164 160 157 154 170 144 143 120 108 119 136 141 142 148 142 142 146 151 151 160 140 143 148 156 170 159 152 155 77 77 254 254 254 254 254 254 254 254 33 32 41 54 254 48 48 54 128 165 132 161 178 182 176 254 254 254 254 254 254 254 176 161 163 254 254
172 172 171 157 161 152 156 158 164 164 139 150 145 171 155 156 154 158 163 161 170 154 155 163 163 161 153 159 167 146 132 136 135 140 148 155 149 146 139 139 147 153 150 148 159 164 166 170 167 175 171 149 254 254 254 254 4 15 12 254 254 254 254 38 39 254 254 254 254 254 254 254 254 192 185 193 254 254 254 254 254 254 254 254 156 166 157 156 155
166 172 168 166 161 147 161 177 165 165 152 162 158 162 154 159 158 153 164 159 153 151 159 153 153 162 157 158 140 157 146 138 150 154 147 149 148 152 149 149 142 151 159 144 152 166 156 131 113 169 174 141 254 254 254 254 22 24 28 254 254 254 254 254 254 254 254 254 254 254 254 254 254 254 254 254 254 254 254 254 254 254 254 254 146 160 153 158 147
159 172 155 166 154 169 166 179 157 157 170 174 153 162 154 155 165 163 159 150 151 144 168 154 154 152 155 148 142 134 151 156 149 130 145 143 159 154 136 136 133 152 158 143 127 122 92 254 59 150 167 153 254 254 254 254 254 56 122 73 254 254 254 254 254 254 254 254 254 254 254 254 254 254 254 254 254 254 254 254 254 254 56 56 127 143 128 148 152
173 160 156 164 146 168 170 164 164 164 168 164 164 158 161 148 149 156 154 159 152 157 154 142 142 150 163 150 141 135 142 180 135 137 121 128 138 160 156 156 154 169 173 156 139 254 254 254 254 117 143 254 254 254 254 254 254 26 132 140 87 254 254 254 254 254 254 254 254 254 254 254 254 254 254 254 254 254 254 254 254 254 63 63 97 73 58 119 135
170 175 157 145 162 169 163 165 163 163 186 164 172 181 147 161 151 160 163 165 159 153 170 153 153 147 138 139 133 139 133 161 147 133 70 47 105 161 165 165 152 140 131 127 254 254 109 143 254 254 254 254 254 254 254 254 254 254 129 178 140 85 254 254 254 254 254 254 254 254 254 254 254 254 254 254 254 254 254 254 254 254 50 50 66 54 53 45 65
164 172 174 161 138 173 175 166 175 175 168 174 174 163 153 173 161 166 154 148 153 153 151 152 152 149 140 137 130 132 135 149 123 254 254 254 82 131 117 117 92 68 254 254 254 254 127 147 154 254 254 254 254 254 254 254 254 73 144 181 188 173 93 130 254 254 254 254 254 254 254 254 254 254 254 254 254 254 254 254 254 254 254 254 254 254 254 50 48
174 160 163 160 176 141 143 168 171 171 166 178 176 156 161 167 169 160 173 166 166 171 158 150 150 142 155 158 140 125 122 110 61 113 134 143 68 67 75 75 254 145 153 254 254 132 142 150 144 254 254 254 254 254 254 254 254 132 155 158 172 184 255 152 254 254 254 254 254 254 254 254 254 254 254 254 254 254 254 254 254 254 254 254 254 254 254 254 254
169 144 155 159 181 182 164 162 161 161 165 151 157 162 133 153 157 148 155 165 161 176 165 157 157 147 156 157 148 129 137 130 100 128 158 160 148 121 150 150 165 170 171 171 166 162 155 158 139 79 140 150 114 114 74 123 164 173 153 156 174 170 164 142 254 254 254 254 254 254 254 254 254 254 254 254 254 254 254 254 254 254 254 254 47 10 254 254 254
149 150 166 177 190 136 168 140 130 130 156 161 164 171 168 154 166 150 156 164 164 178 165 161 161 172 159 149 157 148 166 170 144 124 136 175 167 160 165 165 166 169 167 169 162 155 158 152 93 111 169 149 153 153 150 160 150 152 151 144 144 159 161 254 254 254 126 166 166 124 107 87 255 153 133 254 254 254 254 254 254 254 254 254 46 121 114 111 254
198 193 150 163 195 186 168 165 176 176 133 176 180 166 172 163 182 157 153 157 162 165 167 156 156 159 148 160 166 175 167 156 156 124 128 169 165 160 154 154 153 159 165 167 166 161 137 97 120 163 154 157 151 151 148 157 149 152 153 154 160 158 157 254 112 158 172 168 168 136 255 255 167 176 162 172 173 162 167 138 254 254 254 254 77 150 165 163 153
201 197 186 163 184 182 143 175 158 158 149 158 169 154 154 163 197 184 166 161 163 159 156 157 157 148 143 152 156 141 113 87 102 93 139 161 164 155 158 158 143 153 171 173 164 146 110 137 167 161 152 156 149 149 161 144 142 145 159 150 155 156 254 116 117 179 178 157 157 169 172 165 168 156 170 162 155 154 132 255 254 254 254 254 52 146 172 164 155
191 152 200 191 172 162 169 198 179 179 184 150 153 144 153 169 150 150 159 155 154 158 160 149 149 136 141 139 127 116 105 76 105 139 161 181 173 165 150 150 151 152 161 131 91 103 148 167 168 161 159 154 149 149 153 161 161 158 158 156 156 254 254 92 154 176 175 153 153 160 158 149 157 160 162 254 160 148 138 254 254 254 254 254 22 151 166 190 180
187 196 192 189 178 190 174 185 176 176 194 184 181 168 176 193 181 159 160 150 138 143 145 137 137 136 136 130 149 155 161 148 173 159 164 178 175 158 155 155 140 152 135 143 133 151 177 174 164 159 167 150 162 162 141 160 152 161 158 156 129 254 142 147 160 170 157 156 156 169 168 157 155 164 163 160 165 168 154 163 152 254 254 254 32 145 164 167 255
187 196 192 189 178 190 174 185 176 176 194 184 181 168 176 193 181 159 160 150 138 143 145 137 137 136 136 130 149 155 161 148 173 159 164 178 175 158 155 155 140 152 135 143 133 151 177 174 164 159 167 150 162 162 141 160 152 161 158 156 129 254 142 147 160 170 157 156 156 169 168 157 155 164 163 160 165 168 154 163 152 254 254 254 32 145 164 167 255
181 199 196 195 168 177 182 180 187 187 166 175 163 165 158 179 175 155 152 147 155 141 146 148 148 128 134 156 157 155 161 184 168 150 154 165 174 159 155 155 143 158 159 152 160 166 179 177 175 167 169 160 164 164 150 153 152 154 176 156 127 137 145 152 164 161 161 157 157 166 167 165 156 160 173 162 168 163 169 150 165 147 254 254 14 114 160 148 145
182 201 172 182 144 141 164 179 191 191 154 183 171 155 169 168 157 168 166 159 159 157 157 151 151 140 147 157 160 162 186 182 157 156 152 177 172 156 145 145 158 160 157 153 160 165 178 182 178 167 167 173 162 162 173 143 148 168 171 129 144 166 156 162 163 164 158 158 158 164 168 161 160 162 168 157 167 170 164 161 157 154 254 254 42 82 146 145 140
175 181 170 167 171 166 172 174 193 193 190 255 186 173 171 156 155 162 155 159 155 150 153 153 153 152 161 148 140 153 165 175 156 159 155 160 159 160 159 159 161 156 154 156 154 159 175 174 167 172 168 169 160 160 157 159 166 149 155 138 152 159 162 170 165 162 158 163 163 168 166 164 164 169 165 175 176 170 164 159 161 157 254 254 29 81 150 148 148
176 187 168 186 194 177 166 166 196 196 181 192 170 175 167 164 161 158 150 157 152 144 152 164 164 158 171 166 161 156 155 163 161 152 154 164 167 161 153 153 166 158 154 172 154 175 173 170 168 162 166 161 155 155 158 147 161 156 158 166 165 156 159 162 163 162 161 167 167 166 165 158 166 171 160 172 169 160 157 163 152 119 254 254 35 116 151 135 142
160 172 171 170 177 162 158 168 194 194 181 180 168 161 167 255 149 159 150 148 153 166 158 158 158 157 168 164 150 157 161 155 168 155 143 164 167 164 159 159 160 171 157 169 165 168 167 154 166 160 164 167 162 162 153 150 149 155 153 165 166 156 154 150 156 160 163 164 164 154 165 170 161 156 158 172 155 127 136 132 79 44 254 254 97 136 150 255 138
176 178 179 166 160 161 164 163 158 158 167 151 160 161 159 156 145 146 156 157 162 169 158 163 163 161 173 174 167 156 166 163 166 171 174 163 164 162 163 163 160 166 169 158 173 166 172 151 168 167 168 168 159 159 154 157 144 150 146 141 164 160 156 156 157 163 152 171 171 165 169 161 154 152 163 162 152 135 62 49 33 13 83 83 157 169 148 151 150
195 190 180 174 170 158 165 171 167 167 146 146 152 144 161 146 150 150 148 149 167 160 155 163 163 159 176 163 147 160 164 165 163 155 162 166 167 162 163 163 163 157 168 163 163 165 153 159 171 172 162 158 160 160 153 156 162 171 147 142 119 161 153 163 168 156 156 146 146 172 163 166 161 165 162 152 134 101 254 119 133 100 132 132 255 255 158 152 152
195 178 184 172 168 172 172 169 157 157 167 157 162 142 147 148 128 147 126 155 144 149 163 175 175 165 174 152 157 167 172 168 168 171 165 155 162 165 163 163 160 155 166 164 147 161 157 169 174 158 159 159 145 145 156 155 156 164 173 150 147 157 155 167 163 166 156 150 150 164 168 159 145 157 148 254 254 254 130 146 156 157 151 151 255 255 162 148 152
199 193 183 166 166 172 172 171 171 171 162 142 143 141 136 135 132 140 144 141 135 137 142 165 165 155 162 158 155 168 167 165 175 170 164 162 165 161 160 160 155 152 166 153 160 161 160 159 160 147 155 158 149 149 141 158 148 187 157 149 145 172 158 167 160 159 157 155 155 172 156 254 254 254 254 254 161 162 163 163 163 153 156 156 255 255 255 151 151
207 199 187 180 177 186 167 158 156 156 148 145 142 141 162 154 153 159 150 140 140 147 149 151 151 154 149 166 165 174 164 173 180 173 162 166 161 156 158 158 160 174 160 161 158 162 165 164 175 153 153 155 157 157 156 157 150 143 162 159 161 161 154 154 154 150 159 170 170 165 157 165 169 152 163 158 160 151 143 153 156 162 170 170 159 159 158 151 152
191 181 180 180 169 166 157 165 170 170 152 150 147 154 142 134 159 165 155 148 148 156 158 147 147 153 149 174 171 180 163 176 188 178 168 157 151 164 157 157 155 158 159 160 157 161 155 156 165 161 161 148 162 162 157 159 152 168 152 167 172 174 156 164 152 166 170 162 162 162 162 169 154 166 161 168 162 149 148 255 163 154 150 150 158 142 152 153 148
200 184 166 165 179 164 158 162 177 177 162 148 150 144 152 137 152 169 162 156 153 150 159 157 157 164 170 175 166 159 165 181 181 173 174 166 156 158 153 153 154 151 154 156 165 166 156 155 155 156 162 161 154 154 158 156 155 187 186 177 180 173 172 176 153 162 173 162 162 164 167 169 155 164 164 147 140 155 147 148 152 158 160 160 156 255 147 156 152
195 181 167 177 179 161 160 159 154 154 166 154 155 150 156 151 155 156 156 154 150 151 164 164 164 160 172 172 180 160 164 175 179 171 174 162 158 163 155 155 157 157 158 159 161 164 153 153 159 163 171 154 166 166 164 161 175 192 187 181 162 158 157 159 160 175 164 164 164 166 164 159 164 150 154 155 150 160 144 255 148 152 160 160 158 154 150 255 161
200 176 178 165 178 179 167 158 160 160 155 152 153 155 161 147 156 154 163 157 159 159 174 163 163 158 163 161 183 171 177 170 182 168 164 159 162 168 166 166 157 161 160 166 164 167 182 155 163 155 157 159 162 162 166 164 165 165 172 170 153 149 158 157 152 149 162 146 146 159 159 160 165 148 169 157 255 172 143 150 155 157 167 167 255 255 255 149 145
200 176 178 165 178 179 167 158 160 160 155 152 153 155 161 147 156 154 163 157 159 159 174 163 163 158 163 161 183 171 177 170 182 168 164 159 162 168 166 166 157 161 160 166 164 167 182 155 163 155 157 159 162 162 166 164 165 165 172 170 153 149 158 157 152 149 162 146 146 159 159 160 165 148 169 157 255 172 143 150 155 157 167 167 255 255 255 149 145
181 181 174 175 171 170 172 162 165 165 162 155 154 151 158 154 165 164 158 150 163 166 166 255 255 159 164 157 156 163 176 186 189 167 161 167 164 178 180 180 156 160 155 166 168 175 174 164 171 163 156 155 150 150 161 158 156 155 153 142 152 149 143 147 147 141 138 154 154 153 162 151 150 155 162 153 255 255 171 166 166 161 159 159 165 163 162 157 138
171 187 182 180 179 163 167 164 163 163 159 160 158 155 157 164 167 162 163 168 176 166 177 178 178 182 179 166 164 171 255 175 175 205 176 255 171 193 182 182 168 167 161 182 188 203 158 171 176 176 163 152 147 147 164 161 160 158 149 153 154 150 153 149 143 137 139 140 140 147 146 158 159 150 158 158 164 163 172 170 169 165 154 154 161 164 160 161 156
175 180 176 173 175 151 161 171 163 163 148 161 154 161 168 168 157 170 160 166 169 163 194 198 198 193 255 180 166 165 189 187 193 195 181 180 185 181 178 178 182 185 183 169 185 255 186 163 193 179 147 160 158 158 153 162 150 152 153 141 158 159 148 135 138 139 141 140 140 149 154 154 158 145 152 149 151 157 173 159 158 161 161 161 159 160 159 160 166
179 174 169 176 187 159 154 164 158 158 147 145 143 164 158 151 166 161 166 163 166 173 172 189 189 255 255 171 255 176 186 255 178 181 255 170 255 195 174 174 191 203 185 187 190 201 255 176 198 189 173 165 161 161 161 171 167 148 148 150 153 151 153 146 144 141 148 152 152 153 157 154 145 141 146 145 144 147 158 158 168 154 159 159 159 150 155 152 157
190 187 178 169 194 176 178 171 158 158 142 149 153 158 149 168 156 160 160 159 168 166 255 255 255 180 186 181 147 167 255 255 255 255 174 178 255 181 178 178 181 184 255 183 189 205 200 179 177 193 171 197 184 184 166 169 159 156 148 155 153 153 142 146 149 152 155 154 154 152 161 169 145 138 147 153 152 151 157 143 145 147 156 156 156 156 156 153 155
186 177 174 178 182 171 179 168 158 158 165 162 158 153 169 161 158 162 162 161 168 255 255 255 255 255 175 193 255 255 255 164 160 155 255 255 186 190 184 184 168 158 167 159 164 168 171 159 174 174 177 172 163 163 184 162 158 156 150 144 154 153 149 151 157 149 155 149 149 146 160 163 150 144 144 151 160 161 158 145 143 140 150 150 146 147 159 154 151
185 169 165 174 189 174 177 166 163 163 177 158 169 164 166 165 158 165 163 156 163 255 255 255 255 255 182 255 255 255 255 255 255 255 162 255 192 184 189 189 186 173 166 168 170 160 161 168 159 166 177 172 161 161 167 165 158 158 158 155 156 155 158 142 146 154 151 147 147 149 154 158 152 151 148 157 160 162 151 148 139 127 143 143 146 157 157 157 151
182 180 188 176 180 185 167 160 157 157 160 164 158 175 167 161 180 166 172 163 154 255 255 255 255 255 179 255 255 255 255 255 255 255 163 178 182 182 177 177 172 182 168 168 179 176 173 166 158 164 166 162 159 159 160 168 168 159 154 164 156 154 158 150 154 156 158 149 149 146 148 147 144 154 153 155 160 167 158 146 134 133 142 142 150 155 156 163 161
179 169 178 181 168 180 178 181 171 171 153 161 155 160 161 151 165 151 147 154 151 255 255 255 255 255 182 255 255 255 157 255 255 255 255 255 175 176 174 174 194 183 166 180 185 175 174 166 172 168 163 159 161 161 160 153 164 158 154 149 151 150 152 154 158 155 159 149 149 152 154 156 147 157 157 163 164 162 156 146 134 138 142 142 150 155 153 156 163
172 188 179 180 175 176 177 173 167 167 160 153 156 148 172 163 158 153 153 144 150 255 255 255 255 255 255 166 255 180 173 255 255 255 183 179 255 179 176 176 255 179 176 179 173 176 172 175 165 168 161 159 161 161 160 154 153 153 150 149 144 150 155 156 158 157 148 154 154 151 151 154 150 146 154 154 157 159 151 147 146 144 151 151 150 151 158 161 163
