ndvi.asc
ncols         536
nrows         773
xllcorner     -3.262084961
yllcorner     4.7407226560001
cellsize      0.0083253775074627
NODATA_value  -9999
[rows 280 to 319 of 773, columns 178 to 266 of 536]
156 159 146 157 154 154 150 156 161 161 164 164 167 167 167 168 165 167 165 165 255 255 255 255 255 186 186 193 201 203 200 203 193 168 163 159 175 188 172 172 171 184 188 188 179 179 190 201 190 183 180 192 206 199 199 204 204 217 210 176 197 207 191 191 190 180 189 196 196 202 190 175 180 203 204 208 204 205 178 184 254 136 185 185 194 196 202 198 193
154 169 146 149 160 157 155 157 163 163 255 158 163 166 166 169 173 171 169 153 155 255 255 184 184 195 192 199 194 190 202 255 255 172 160 158 180 177 166 166 166 179 195 187 186 179 182 189 193 192 184 186 182 195 195 194 192 215 209 197 199 190 192 191 178 181 202 200 200 203 177 199 204 203 200 209 206 206 211 204 195 254 166 166 192 204 201 185 163
150 142 143 150 158 159 160 156 152 152 157 157 154 158 154 168 178 174 176 167 255 255 255 255 255 191 198 197 198 196 187 169 164 172 176 183 186 194 179 179 177 171 178 185 198 189 179 190 194 195 186 177 196 201 201 220 212 208 211 205 198 194 200 191 192 188 192 200 200 201 177 199 199 195 200 204 201 199 197 191 170 254 254 254 106 149 167 183 198
146 140 144 151 154 153 158 155 156 156 149 152 157 158 152 167 169 166 173 169 170 176 179 178 178 255 255 192 199 207 197 255 158 166 176 187 186 185 187 187 166 166 162 178 185 188 178 182 187 195 187 184 191 205 205 207 212 211 207 202 196 193 200 193 192 182 185 189 189 179 197 196 194 191 190 183 183 180 182 184 176 165 254 254 254 254 105 136 139
159 161 150 151 152 157 160 158 160 160 156 154 154 157 154 156 156 163 172 171 255 174 179 184 184 185 186 193 198 198 183 185 167 170 171 187 166 185 202 202 196 182 183 191 168 175 192 181 178 182 172 209 202 204 204 209 203 202 206 198 175 203 188 187 180 179 193 183 183 173 177 198 190 196 189 254 161 170 188 194 189 156 138 138 161 160 254 254 141
159 161 150 151 152 157 160 158 160 160 156 154 154 157 154 156 156 163 172 171 255 174 179 184 184 185 186 193 198 198 183 185 167 170 171 187 166 185 202 202 196 182 183 191 168 175 192 181 178 182 172 209 202 204 204 209 203 202 206 198 175 203 188 187 180 179 193 183 183 173 177 198 190 196 189 254 161 170 188 194 189 156 138 138 161 160 254 254 141
165 167 145 148 148 153 162 166 156 156 157 153 150 153 157 154 159 168 255 255 165 255 179 184 184 190 189 189 190 196 178 166 151 153 168 184 143 170 206 206 196 194 189 194 187 186 195 185 183 185 187 204 192 212 212 212 207 205 195 194 189 201 189 196 186 194 190 195 195 191 193 191 181 189 191 187 174 176 187 191 188 173 177 177 188 172 173 146 254
165 144 145 144 149 156 155 156 154 154 158 158 154 157 160 156 161 167 165 255 163 167 182 193 193 193 183 197 179 193 187 177 177 169 174 188 160 153 196 196 181 175 180 182 194 190 186 192 193 183 183 191 211 212 212 207 210 210 199 185 205 206 202 208 200 186 172 198 198 166 175 183 185 185 185 186 188 184 182 194 189 185 185 185 183 169 176 169 169
156 180 154 163 140 147 148 152 154 154 158 157 157 160 157 153 161 165 255 255 180 255 190 184 184 181 172 180 193 193 191 186 180 164 164 178 186 190 145 145 164 176 176 170 168 168 170 172 189 182 180 184 201 193 193 211 212 208 206 215 209 212 199 209 195 196 201 175 175 183 179 181 182 181 183 190 184 185 189 159 185 150 175 175 176 174 144 171 166
169 156 167 173 167 143 147 152 150 150 155 160 157 157 255 156 165 167 166 169 179 255 183 165 165 174 183 191 200 194 186 184 181 177 190 174 171 170 133 133 141 162 170 254 254 254 254 254 254 254 140 185 202 208 208 213 206 204 208 226 221 218 210 198 198 204 188 170 170 187 175 179 179 161 185 188 169 188 186 182 173 158 148 148 177 165 173 169 166
163 170 171 174 178 174 153 155 156 156 156 161 160 255 255 255 170 161 168 168 168 176 194 187 187 180 186 192 189 192 182 182 182 188 177 168 254 254 254 254 153 155 175 185 186 180 178 178 254 254 254 159 204 211 211 207 215 209 217 225 221 217 211 202 198 196 184 185 185 174 165 175 182 186 190 191 189 197 186 166 167 175 168 168 151 163 165 176 170
163 162 163 171 178 170 152 157 152 152 155 163 169 255 255 255 169 164 169 168 172 255 174 181 181 184 189 185 180 167 174 180 187 175 157 184 189 179 174 174 179 186 176 196 189 179 181 190 203 191 254 254 170 191 191 204 204 219 210 216 215 228 213 208 206 188 179 175 175 164 183 173 187 172 188 183 160 189 182 169 163 160 149 149 170 162 180 180 173
167 167 154 161 171 171 152 150 151 151 158 164 169 171 255 255 255 163 168 171 174 255 180 183 183 180 192 192 184 190 178 173 182 153 175 192 179 174 171 171 136 162 176 186 197 200 191 203 204 202 202 186 254 254 254 197 208 211 206 205 181 220 211 206 212 180 173 178 178 183 186 185 184 159 175 157 168 178 169 174 175 171 157 157 164 173 176 170 165
155 172 168 170 172 172 149 147 152 152 160 162 165 172 173 165 255 255 255 255 176 174 255 255 255 188 255 195 194 201 195 189 183 156 181 189 172 173 168 168 167 165 185 193 192 197 185 197 201 198 208 198 184 254 254 172 197 208 210 197 209 210 220 213 194 182 173 173 173 175 184 183 182 189 180 175 180 172 175 173 173 185 176 176 178 176 172 165 160
166 168 167 173 175 173 151 156 155 155 157 159 161 168 171 255 255 169 175 182 185 183 255 255 255 182 185 189 196 184 197 188 182 139 187 174 173 153 165 165 183 185 189 184 191 199 194 194 209 205 200 201 206 208 208 254 254 254 254 177 192 207 197 200 195 192 170 181 181 176 177 183 182 182 190 184 190 180 173 172 177 180 175 175 170 177 174 168 162
171 175 165 176 168 170 180 156 156 156 163 169 165 173 168 173 174 178 179 181 186 188 255 180 180 255 189 255 255 187 189 185 167 158 183 165 169 164 166 166 178 165 197 189 193 204 181 198 203 204 203 200 203 211 211 208 254 254 254 163 175 205 208 198 198 197 194 195 195 198 183 185 182 192 192 180 186 183 189 172 177 183 172 172 175 178 181 172 170
165 168 172 182 160 164 168 155 165 165 177 173 172 174 255 255 255 178 178 172 181 187 186 188 188 188 186 255 188 187 184 178 156 162 167 171 178 186 175 175 166 183 191 181 208 193 255 200 202 200 201 206 205 204 204 204 208 204 206 198 176 191 201 196 181 201 202 195 195 192 205 184 178 180 184 183 172 175 178 175 181 175 176 176 135 133 135 121 125
161 159 159 161 156 157 157 151 165 165 171 172 174 170 157 167 174 181 255 255 177 183 255 255 255 255 255 255 186 181 255 179 169 188 171 172 167 174 179 179 183 188 175 182 196 192 195 200 202 202 210 211 212 212 212 208 209 204 201 200 190 154 175 192 255 196 188 200 200 188 197 205 189 167 188 191 168 179 169 139 130 111 115 115 129 131 148 254 254
161 162 157 154 158 152 149 163 157 157 165 171 255 150 160 173 255 169 255 255 177 179 182 184 184 185 183 255 181 169 164 146 167 178 186 167 255 186 171 171 188 184 196 192 180 255 194 199 202 199 207 205 211 206 206 199 202 200 203 196 254 134 165 177 185 194 188 180 180 186 197 188 167 125 159 163 160 148 143 112 96 135 183 183 187 163 198 182 174
161 157 150 158 166 174 167 169 162 162 156 151 151 254 171 255 150 168 148 153 156 154 255 152 152 255 159 255 255 254 254 255 255 255 186 178 172 182 181 181 190 190 194 177 170 185 204 203 204 204 206 211 211 205 205 195 193 200 197 177 254 254 254 179 143 151 171 172 172 186 175 127 137 140 131 145 118 75 63 139 187 182 186 186 192 198 205 210 173
161 157 150 158 166 174 167 169 162 162 156 151 151 254 171 255 150 168 148 153 156 154 255 152 152 255 159 255 255 254 254 255 255 255 186 178 172 182 181 181 190 190 194 177 170 185 204 203 204 204 206 211 211 205 205 195 193 200 197 177 254 254 254 179 143 151 171 172 172 186 175 127 137 140 131 145 118 75 63 139 187 182 186 186 192 198 205 210 173
168 164 165 159 163 168 169 166 148 148 150 150 153 168 171 170 174 170 174 170 254 254 254 254 254 254 254 254 254 172 171 165 169 188 186 184 183 185 193 193 187 176 194 175 173 255 202 201 196 204 205 212 210 203 203 197 191 196 193 175 171 196 196 196 187 254 254 254 254 254 150 175 201 254 254 254 109 100 155 193 193 187 189 189 201 163 196 205 195
171 174 173 153 158 162 162 168 155 155 153 147 151 164 167 168 255 255 254 254 192 254 188 254 254 254 254 254 255 255 165 255 184 181 191 182 178 184 186 186 178 193 190 174 255 255 195 205 203 204 206 208 208 207 207 204 199 194 195 170 190 200 199 205 200 201 195 187 187 197 189 192 179 254 254 254 88 168 184 198 194 190 193 193 180 205 195 211 207
164 160 163 151 160 159 158 165 168 168 169 139 150 165 255 168 175 181 179 191 182 185 255 178 178 254 254 254 168 178 255 168 174 176 180 179 180 189 179 179 189 194 194 170 168 170 195 210 208 213 210 203 210 210 210 207 199 199 187 188 196 200 203 197 190 191 187 192 192 196 204 200 194 254 254 105 100 184 191 195 189 182 199 199 208 208 204 179 210
158 155 159 166 163 162 162 158 153 153 154 142 148 158 159 163 171 172 255 184 180 166 170 175 175 171 160 255 166 170 182 255 174 181 183 179 182 189 182 182 186 188 187 179 162 170 193 206 212 216 205 203 205 206 206 204 194 197 175 182 202 191 197 202 200 194 187 185 185 191 200 197 207 254 254 77 162 181 186 192 191 191 203 203 206 213 213 210 213
177 170 127 154 161 166 164 153 149 149 171 158 156 154 155 155 164 166 255 165 162 162 168 173 173 255 162 148 255 159 255 181 255 161 189 185 180 172 255 255 192 191 184 194 172 255 192 203 204 204 204 196 197 197 197 208 196 182 177 255 203 193 255 255 198 195 186 187 187 189 188 200 199 194 254 79 169 201 199 192 181 177 191 191 200 215 216 197 211
185 180 184 169 158 158 177 168 167 167 187 168 153 152 167 165 161 167 157 153 153 149 156 162 162 255 167 143 255 158 255 179 181 172 179 186 186 255 179 179 191 192 194 204 186 255 255 255 193 199 199 199 202 204 204 199 255 163 170 189 255 197 255 181 194 194 196 197 197 192 189 189 195 194 254 155 160 203 199 186 189 181 185 185 187 210 207 205 178
179 189 185 162 175 175 173 184 180 180 163 166 156 169 171 178 180 158 160 158 146 154 165 163 163 255 158 255 152 155 180 178 184 179 179 178 180 185 186 186 180 180 186 187 194 255 168 167 255 199 197 195 187 194 194 185 255 181 171 255 182 193 173 161 180 186 183 187 187 190 187 187 181 188 254 169 116 192 200 157 148 188 196 196 204 208 188 186 200
160 158 186 191 190 187 179 180 177 177 159 156 160 164 159 166 167 168 162 169 148 152 156 159 159 157 255 255 255 168 176 171 181 255 175 172 169 185 187 187 180 176 181 192 192 255 176 162 173 180 255 191 191 196 196 186 255 194 199 191 185 182 189 186 182 181 177 175 175 179 189 185 184 186 254 254 110 178 192 180 188 186 192 192 169 195 200 194 193
182 183 155 170 167 182 255 153 157 157 160 155 161 159 143 157 162 154 164 165 146 156 158 163 163 155 173 154 174 189 255 168 174 255 170 176 177 177 255 255 177 174 188 199 188 189 187 183 178 255 186 189 183 183 183 175 186 190 195 255 255 255 255 190 184 182 181 186 186 188 188 188 186 186 254 254 139 156 186 184 179 188 192 192 160 196 187 170 176
172 186 166 179 183 189 174 165 170 170 147 160 166 156 171 166 159 178 174 168 151 162 150 161 161 145 160 157 255 181 255 162 178 170 167 172 179 177 185 185 176 179 185 185 255 255 180 190 196 201 255 189 192 183 183 178 188 186 255 255 255 255 183 179 181 182 185 177 177 183 184 175 181 187 176 254 172 158 184 178 182 188 199 199 186 180 197 202 202
186 186 175 182 163 173 170 163 148 148 150 152 155 156 155 173 171 191 175 170 183 169 157 157 157 156 155 171 175 175 168 182 172 164 175 177 174 179 174 174 174 174 180 255 255 193 190 255 255 201 255 255 188 185 185 184 255 255 255 255 255 176 178 178 177 179 180 175 175 181 182 183 187 185 185 254 150 171 184 175 178 186 185 185 199 194 183 200 196
168 174 168 185 156 172 172 173 158 158 141 154 160 180 164 157 160 178 161 155 156 164 153 154 154 156 165 169 164 172 255 155 165 170 178 177 170 183 176 176 176 185 189 186 192 194 255 255 255 255 255 192 188 255 255 255 255 255 255 255 186 176 176 176 167 180 173 175 175 187 185 187 180 184 186 254 167 165 181 182 182 188 182 182 192 192 180 187 192
163 177 159 167 156 156 159 166 164 164 164 156 155 164 172 170 145 158 151 180 149 163 177 152 152 155 159 160 150 173 165 164 171 185 182 185 179 179 255 255 181 188 190 184 190 183 187 255 255 185 186 190 182 175 175 255 255 255 255 180 177 180 255 255 170 186 186 182 182 179 180 184 175 178 188 254 176 186 181 199 194 180 184 184 190 181 180 181 185
153 174 175 155 162 172 161 163 176 176 168 163 158 152 156 171 255 158 157 165 169 152 158 168 168 154 145 163 151 163 168 171 172 172 189 186 255 255 180 180 183 184 190 194 189 184 186 255 255 187 185 186 255 182 182 255 255 255 255 177 185 184 255 255 186 185 186 186 186 186 179 174 177 182 188 254 181 197 172 184 195 178 192 192 191 182 185 185 185
153 174 175 155 162 172 161 163 176 176 168 163 158 152 156 171 255 158 157 165 169 152 158 168 168 154 145 163 151 163 168 171 172 172 189 186 255 255 180 180 183 184 190 194 189 184 186 255 255 187 185 186 255 182 182 255 255 255 255 177 185 184 255 255 186 185 186 186 186 186 179 174 177 182 188 254 181 197 172 184 195 178 192 192 191 182 185 185 185
144 141 158 151 167 166 166 154 144 144 156 147 160 168 164 173 162 160 162 151 171 174 157 174 174 165 151 169 154 154 155 157 163 171 180 186 255 182 175 175 188 187 182 177 182 178 177 178 185 181 184 255 255 255 255 255 255 255 255 255 183 255 255 255 186 186 183 185 185 188 183 184 181 187 191 180 186 201 202 193 189 180 197 197 193 183 180 185 195
153 142 158 152 166 159 191 178 162 162 179 166 188 172 174 153 154 170 174 170 175 190 162 157 157 160 155 158 155 173 172 174 169 178 177 179 176 185 186 186 186 255 173 171 182 255 176 255 255 181 185 255 182 181 181 181 186 255 255 187 183 255 181 185 176 176 184 188 188 187 183 179 178 180 187 193 194 193 196 193 205 206 194 194 193 189 197 165 195
128 164 154 170 156 164 178 173 170 170 178 172 162 170 174 150 167 179 202 196 173 193 176 162 162 145 136 137 142 158 171 255 178 176 176 180 181 182 255 255 184 183 255 184 188 179 177 177 255 255 255 255 255 255 255 255 255 255 255 182 178 255 173 184 191 186 188 183 183 186 188 182 187 181 184 200 198 196 184 183 197 193 212 212 190 170 208 211 206
150 149 154 156 174 154 160 157 153 153 158 154 162 182 181 179 187 181 196 162 158 156 175 155 155 135 153 141 150 157 158 255 255 255 176 185 189 184 255 255 181 179 255 180 255 255 182 255 255 181 182 185 255 183 183 255 255 192 255 186 184 188 180 190 175 185 186 171 171 194 188 177 193 184 194 188 195 196 211 203 202 187 204 204 196 196 211 215 205
