ndvi.asc
ncols         536
nrows         773
xllcorner     -3.262084961
yllcorner     4.7407226560001
cellsize      0.0083253775074627
NODATA_value  -9999
[rows 40 to 79 of 773, columns 267 to 355 of 536]
118 119 131 131 114 109 108 105 103 103 105 101 102 102 107 103 111 112 108 117 121 108 103 103 103 101 110 117 124 121 119 111 113 115 96 113 121 120 101 101 110 110 112 126 126 137 145 117 126 142 141 141 123 123 128 150 128 128 134 126 115 89 104 105 85 89 83 88 88 92 91 84 89 97 103 104 103 109 114 89 255 96 102 102 104 112 109 99 101
116 128 142 131 112 119 125 107 104 104 102 100 101 106 107 106 107 112 120 124 109 99 94 104 104 115 134 134 118 113 119 126 128 115 114 118 125 127 110 110 121 124 111 127 130 118 137 137 138 131 135 118 115 115 115 127 151 132 120 131 131 88 106 105 92 95 86 86 86 95 96 94 94 99 107 105 107 109 115 99 87 91 103 103 116 110 104 100 101
126 132 128 131 125 137 116 112 102 102 98 103 104 104 106 107 106 116 119 111 102 86 94 116 116 128 133 129 119 122 108 133 129 120 111 112 129 129 120 120 112 125 110 133 141 141 136 135 115 121 104 125 130 130 109 116 127 152 124 130 123 125 110 85 96 98 97 93 93 102 115 98 102 102 105 104 106 104 118 120 103 106 122 122 118 113 103 102 107
121 132 124 155 143 140 121 115 116 116 105 105 101 101 105 103 100 102 109 105 89 95 96 108 108 118 128 126 112 128 113 116 117 116 102 120 114 126 121 121 134 142 131 136 113 111 113 115 120 102 118 120 104 104 124 134 122 134 166 110 126 129 119 88 88 94 101 115 115 111 106 94 96 94 102 101 107 105 116 130 129 123 123 123 124 118 125 107 111
114 124 141 164 163 142 134 125 100 100 105 98 102 105 110 105 105 110 101 97 102 118 99 100 100 132 138 114 111 121 125 115 106 112 108 108 125 122 121 121 120 113 132 135 126 131 122 111 99 114 118 122 126 126 111 121 123 129 150 150 123 139 124 113 116 111 82 97 97 101 99 91 90 91 99 105 125 107 115 122 119 128 121 121 113 119 110 107 114
118 119 131 148 170 140 128 124 113 113 109 107 119 105 106 112 121 126 99 98 107 102 86 108 108 119 111 105 105 103 107 117 109 119 116 115 122 113 108 108 110 99 105 127 131 138 132 108 105 110 119 100 130 130 138 123 133 141 116 103 142 148 133 122 108 106 85 86 86 94 89 94 93 94 99 103 113 106 117 117 113 116 121 121 121 119 108 108 106
121 121 131 149 145 127 116 122 118 118 120 125 122 112 113 117 111 101 99 105 104 76 68 127 127 117 103 109 113 106 104 111 102 123 118 106 119 103 115 115 110 110 100 125 142 141 122 113 103 106 124 126 114 114 147 128 140 139 129 107 104 106 132 114 108 108 102 91 91 99 95 89 96 99 109 108 110 111 115 119 128 116 116 116 130 129 111 108 102
119 120 131 146 136 119 118 121 131 131 121 119 120 116 106 99 105 98 102 109 98 80 111 125 125 122 121 111 111 107 114 121 103 112 111 110 108 106 107 107 106 102 93 119 143 141 114 119 99 99 113 114 120 120 128 133 139 135 129 108 102 145 95 116 104 115 92 87 87 83 86 90 95 105 113 118 118 115 116 124 128 117 129 129 128 129 119 111 95
119 120 131 146 136 119 118 121 131 131 121 119 120 116 106 99 105 98 102 109 98 80 111 125 125 122 121 111 111 107 114 121 103 112 111 110 108 106 107 107 106 102 93 119 143 141 114 119 99 99 113 114 120 120 128 133 139 135 129 108 102 145 95 116 104 115 92 87 87 83 86 90 95 105 113 118 118 115 116 124 128 117 129 129 128 129 119 111 95
125 120 128 139 131 112 117 128 135 135 132 128 128 122 108 99 97 92 104 106 101 109 132 118 118 110 116 114 115 109 104 96 105 108 112 111 101 108 94 94 101 108 104 124 138 120 122 112 109 127 114 129 137 137 148 137 136 142 136 124 123 101 104 100 94 85 98 102 102 94 95 96 102 109 118 124 119 128 127 125 150 149 144 144 117 125 130 107 105
132 142 141 136 122 120 125 140 131 131 139 136 129 125 127 118 109 107 114 112 106 118 123 112 112 113 116 120 108 126 99 95 98 124 113 105 96 95 90 90 101 112 114 117 126 127 116 105 116 128 109 114 121 121 126 136 142 142 147 136 125 131 118 96 90 80 89 103 103 94 92 93 103 108 116 108 109 121 138 131 141 126 121 121 110 107 110 109 111
135 135 148 151 125 125 138 158 138 138 141 136 131 124 133 125 122 111 104 113 115 123 110 118 118 128 124 110 103 98 122 120 101 114 117 101 97 92 94 94 107 109 117 136 132 135 118 116 104 121 108 128 125 125 130 135 143 141 135 127 116 114 105 102 99 105 102 109 109 114 96 99 102 98 105 109 109 111 116 142 125 124 128 128 124 115 108 110 110
140 142 143 161 131 137 149 153 136 136 143 146 142 134 132 124 135 117 111 115 130 122 126 132 132 121 117 105 105 97 99 100 101 110 115 109 105 92 87 87 97 110 118 131 126 128 112 103 107 120 122 118 128 128 132 139 139 135 130 117 118 130 104 96 99 92 89 93 93 103 114 98 97 93 110 99 103 108 117 126 129 140 142 142 120 106 102 107 104
132 132 138 159 169 157 141 149 143 143 144 145 148 156 129 126 127 132 118 108 105 123 115 122 122 113 101 111 98 97 96 102 105 111 116 120 103 94 95 95 104 107 126 120 121 128 129 105 99 121 128 128 132 132 135 138 133 133 130 115 129 119 105 96 96 93 91 92 92 109 96 101 100 95 110 108 107 114 123 137 137 136 126 126 133 110 102 99 92
131 134 145 160 173 163 153 148 153 153 144 138 150 151 134 131 129 127 121 108 103 117 107 113 113 113 100 98 92 93 95 102 102 98 119 133 104 92 100 100 104 108 116 129 118 124 113 107 103 122 131 133 136 136 134 129 132 134 136 122 116 110 109 104 104 110 101 91 91 103 113 107 106 111 100 105 106 117 128 132 137 130 118 118 115 107 95 97 105
131 137 143 144 145 150 159 176 172 172 157 145 148 148 141 125 123 130 119 109 104 106 106 109 109 107 99 88 86 89 93 99 97 101 116 118 111 99 109 109 106 113 129 121 125 125 110 105 103 129 131 130 134 134 134 130 130 130 128 127 113 113 112 107 103 107 105 88 88 97 102 108 111 108 107 111 113 115 121 138 127 121 125 125 113 100 106 122 114
142 152 144 145 147 154 154 166 171 171 152 140 140 142 140 125 132 128 119 103 106 110 106 109 109 104 108 97 89 95 98 98 96 103 105 112 119 97 114 114 120 118 123 127 130 140 132 114 106 124 130 133 130 130 129 129 124 119 119 128 120 128 115 109 108 111 101 100 100 100 104 105 108 103 107 103 104 108 123 147 134 119 126 126 121 111 103 107 106
141 155 145 148 142 146 153 161 151 151 137 136 136 135 143 144 149 129 118 109 109 117 113 109 109 106 124 112 102 115 95 98 100 105 107 116 126 124 127 127 127 128 130 130 128 131 129 120 114 131 131 131 127 127 130 127 113 108 123 134 127 125 116 110 116 119 106 100 100 105 111 98 98 109 103 102 104 109 124 147 140 129 135 135 134 118 106 98 106
146 143 149 150 145 150 155 164 145 145 138 139 135 133 140 149 149 132 134 118 113 112 114 110 110 107 127 125 114 119 101 120 107 108 109 118 125 134 131 131 132 132 137 116 114 125 125 119 122 128 127 126 123 123 126 120 111 113 128 138 118 118 125 132 122 116 116 136 136 121 114 105 105 98 96 98 112 118 125 128 135 147 137 137 123 101 112 107 111
146 145 142 137 140 148 159 152 139 139 142 142 141 137 137 156 144 127 128 123 113 116 108 111 111 116 124 116 125 112 105 105 113 115 119 122 120 124 130 130 136 132 136 122 121 126 129 134 130 129 128 126 125 125 129 121 113 117 127 141 123 124 137 133 128 120 118 129 129 124 119 119 121 115 113 111 118 110 115 126 135 150 134 134 120 118 115 120 124
151 153 156 145 145 140 143 145 136 136 136 144 144 143 149 156 133 122 138 128 123 122 104 111 111 129 119 120 128 113 116 115 117 119 121 130 133 127 128 128 132 133 131 138 138 138 140 140 138 131 134 137 127 127 121 114 118 127 134 135 131 134 143 142 130 126 123 111 111 124 129 123 122 109 105 109 115 105 107 119 127 146 144 144 147 128 119 125 139
156 165 159 155 144 139 135 147 138 138 136 146 144 145 155 158 148 150 146 125 122 126 122 117 117 123 121 127 127 125 123 121 117 118 120 127 138 141 137 137 128 137 133 134 146 146 148 145 140 135 144 141 134 134 135 128 135 133 137 135 137 139 140 148 139 137 130 115 115 125 133 121 121 105 91 98 106 89 95 109 113 141 141 141 146 147 106 136 155
154 160 149 151 149 141 138 145 149 149 163 143 142 138 153 150 146 136 126 115 118 126 126 124 124 125 123 126 128 134 116 118 112 114 115 136 135 139 136 136 127 133 134 134 145 151 141 141 147 145 146 134 140 140 140 137 140 132 137 137 139 135 137 145 148 137 134 125 125 124 136 121 113 106 105 95 98 95 96 101 115 131 135 135 140 151 125 132 127
154 160 149 151 149 141 138 145 149 149 163 143 142 138 153 150 146 136 126 115 118 126 126 124 124 125 123 126 128 134 116 118 112 114 115 136 135 139 136 136 127 133 134 134 145 151 141 141 147 145 146 134 140 140 140 137 140 132 137 137 139 135 137 145 148 137 134 125 125 124 136 121 113 106 105 95 98 95 96 101 115 131 135 135 140 151 125 132 127
140 143 145 149 143 140 148 142 156 156 155 137 145 139 153 156 136 140 137 117 107 129 141 138 138 131 132 131 132 129 136 136 126 118 115 124 130 128 130 130 132 135 133 137 138 142 128 133 162 160 148 146 145 145 144 146 143 138 135 130 134 132 136 137 139 140 137 127 127 124 123 126 111 96 85 93 94 102 90 108 127 138 134 134 136 137 121 127 130
134 138 141 138 138 140 136 141 153 153 155 142 146 162 149 156 149 149 132 124 119 137 146 143 143 142 141 149 143 137 150 149 146 139 133 134 133 132 128 128 128 134 133 136 139 141 143 151 162 157 148 141 137 137 139 144 140 141 143 141 143 132 129 130 137 132 131 127 127 123 134 133 123 125 117 117 123 110 118 122 142 140 129 129 126 116 133 138 150
133 136 139 132 140 138 134 137 152 152 156 168 166 151 140 135 141 140 141 143 139 143 152 150 150 147 150 142 140 144 149 159 158 155 159 136 136 133 127 127 132 134 138 137 131 136 151 155 151 143 135 139 137 137 131 140 144 142 138 135 136 139 133 123 127 132 131 133 133 128 131 143 149 140 143 136 137 146 142 135 139 123 131 131 129 130 141 147 103
127 134 135 130 139 134 133 128 144 144 146 155 143 137 140 146 142 149 143 141 130 135 141 152 152 145 134 136 142 147 154 158 159 152 143 144 142 137 130 130 131 136 147 145 134 134 145 148 147 139 141 138 140 140 127 138 146 149 140 130 134 134 133 125 133 144 138 146 146 140 138 151 151 139 143 140 138 144 139 112 102 116 135 135 116 121 121 105 83
122 128 116 124 132 133 124 128 135 135 144 152 137 147 146 149 144 139 135 132 112 116 131 140 140 136 145 140 124 129 146 143 144 152 145 137 145 137 128 128 137 138 139 144 142 139 143 141 144 144 143 139 141 141 131 143 148 153 147 147 148 137 134 133 132 142 121 125 125 125 128 145 152 142 140 139 132 123 116 104 115 124 98 98 95 92 103 120 106
125 122 119 130 129 128 130 134 137 137 148 148 144 153 148 152 143 133 132 130 112 111 125 137 137 144 137 136 115 135 150 142 138 135 138 130 138 142 138 138 136 134 144 142 141 138 142 140 148 144 139 134 147 147 156 157 146 150 146 160 150 136 135 130 128 119 107 112 112 112 113 125 128 118 120 113 107 109 101 119 119 97 85 85 90 89 84 99 109
125 119 132 121 120 124 126 132 136 136 147 138 140 155 163 147 141 129 120 116 116 134 130 136 136 135 118 138 142 140 152 138 134 127 125 128 125 135 143 143 143 133 144 141 138 135 135 142 142 142 136 135 141 141 155 159 145 162 156 155 151 142 152 134 117 123 112 118 118 113 114 129 136 133 125 123 121 113 96 106 91 95 94 94 90 109 109 98 108
120 121 129 135 116 125 119 129 135 135 146 134 140 141 142 146 147 137 117 102 120 135 141 134 134 118 112 138 151 144 134 127 130 135 129 127 127 131 142 142 143 138 139 141 139 134 132 129 141 144 138 137 146 146 141 152 147 157 157 153 153 147 145 140 121 105 99 107 107 113 113 108 110 124 108 104 114 100 93 85 88 95 96 96 89 99 103 107 120
132 123 126 135 130 122 120 119 134 134 145 141 144 140 145 151 149 138 137 138 124 139 140 134 134 143 150 143 138 141 135 117 123 134 129 124 123 129 135 135 135 139 139 141 133 134 128 127 138 143 145 135 146 146 146 149 156 153 149 165 158 156 153 147 120 112 102 103 103 102 101 94 90 104 96 98 97 89 88 91 87 92 94 94 93 86 91 90 96
126 117 121 128 124 111 110 114 124 124 142 142 142 145 147 154 154 147 143 156 139 146 140 139 139 145 135 132 136 138 124 104 115 123 125 131 126 121 132 132 133 131 129 129 141 138 129 121 130 145 144 135 146 146 148 145 154 145 139 148 158 158 153 138 137 136 102 104 104 119 101 98 94 100 91 88 91 95 91 86 91 95 88 88 92 90 74 94 91
116 108 105 115 115 110 113 118 125 125 130 135 139 140 146 155 152 152 147 144 130 135 164 149 149 144 134 133 125 131 124 122 121 162 125 133 123 125 127 127 127 123 132 134 137 134 124 128 131 139 144 141 146 146 154 161 148 146 150 138 141 142 134 119 113 117 111 102 102 99 108 102 97 98 92 82 85 106 99 97 98 98 86 86 83 93 93 95 97
110 100 99 103 109 115 108 112 124 124 129 132 130 142 152 157 154 151 142 135 127 140 139 140 140 150 140 135 141 131 126 127 128 122 126 122 120 124 121 121 112 124 127 130 136 126 123 136 145 145 151 149 151 151 151 145 145 124 124 101 99 117 127 109 94 103 105 107 107 100 112 100 92 100 96 85 87 102 104 100 103 98 92 92 93 95 95 98 107
103 103 104 99 104 108 109 110 110 110 125 123 129 141 143 146 150 149 128 124 131 151 127 136 136 135 128 128 128 129 130 125 134 143 122 117 118 119 121 121 126 126 130 147 125 119 130 138 136 148 133 130 136 136 133 134 151 112 88 90 98 107 93 127 118 101 107 107 107 103 105 93 83 91 97 93 96 96 111 102 102 100 105 105 94 85 82 102 97
104 113 109 95 99 100 109 109 114 114 116 114 122 120 121 123 137 130 124 129 127 123 133 129 129 133 135 136 132 131 135 128 132 140 129 129 125 115 122 122 121 118 116 121 106 115 115 122 129 151 114 112 115 115 103 94 107 111 93 95 109 120 98 130 127 107 109 103 103 106 104 97 83 95 98 95 107 99 105 95 92 104 98 98 92 84 84 94 89
104 113 109 95 99 100 109 109 114 114 116 114 122 120 121 123 137 130 124 129 127 123 133 129 129 133 135 136 132 131 135 128 132 140 129 129 125 115 122 122 121 118 116 121 106 115 115 122 129 151 114 112 115 115 103 94 107 111 93 95 109 120 98 130 127 107 109 103 103 106 104 97 83 95 98 95 107 99 105 95 92 104 98 98 92 84 84 94 89
103 108 103 102 109 112 121 118 117 117 119 118 116 121 123 116 122 121 120 125 129 129 128 138 138 138 141 139 139 133 127 127 130 137 129 126 128 115 117 117 108 106 113 103 113 104 110 116 125 134 102 100 104 104 94 86 88 94 103 98 109 115 111 120 122 121 104 95 95 99 99 90 88 92 100 92 96 106 102 104 106 113 97 97 94 91 86 79 81
