ndvi.asc
ncols         536
nrows         773
xllcorner     -3.262084961
yllcorner     4.7407226560001
cellsize      0.0083253775074627
NODATA_value  -9999
[rows 480 to 519 of 773, columns 178 to 266 of 536]
255 167 255 171 173 160 160 179 255 255 255 255 255 255 255 255 255 187 255 191 196 174 167 255 255 175 187 179 180 198 169 162 165 164 187 193 202 190 168 168 141 186 205 200 205 182 174 166 178 184 182 186 168 168 168 187 181 176 176 163 170 191 183 189 199 192 186 170 170 172 161 177 174 169 193 163 179 167 154 167 171 173 192 192 195 157 167 165 159
255 255 255 255 161 166 173 163 142 142 255 255 255 255 255 255 192 255 255 191 179 192 147 148 148 184 176 173 174 169 170 177 163 163 176 171 190 194 192 192 191 194 202 202 203 194 177 180 191 172 196 193 182 170 170 152 166 183 188 161 188 189 189 189 190 195 195 189 189 176 169 177 181 188 205 177 180 155 164 182 177 174 158 158 174 180 178 176 174
255 157 156 161 162 162 162 168 146 146 255 255 255 255 255 255 205 255 255 180 255 194 158 156 156 185 173 171 175 168 165 182 197 158 158 148 188 191 186 186 186 176 183 187 173 183 184 180 181 190 202 203 195 168 168 142 185 188 182 172 189 187 193 201 199 200 193 189 189 176 188 196 196 188 194 176 150 163 158 164 174 166 174 174 172 187 171 165 182
255 255 148 167 160 158 154 159 255 255 255 255 255 255 255 255 187 255 255 255 194 182 162 164 164 174 166 168 161 156 161 172 161 194 157 151 192 195 200 200 194 184 197 179 185 190 178 181 179 188 174 197 194 158 158 165 194 192 181 177 170 172 183 199 201 201 201 193 193 159 194 203 189 192 189 169 160 155 161 148 169 180 179 179 174 181 178 180 174
145 153 166 159 156 136 145 255 140 140 141 255 255 255 255 255 255 255 255 255 255 255 155 161 161 162 159 170 159 165 160 130 159 187 134 144 194 200 202 202 197 186 185 191 188 192 197 186 199 191 162 170 202 188 188 201 190 172 182 198 183 184 185 193 191 200 196 188 188 161 197 196 193 175 173 182 155 158 156 167 170 178 167 167 152 138 187 165 175
151 153 162 155 122 107 144 153 153 153 255 255 255 255 255 255 255 255 255 255 255 255 255 158 158 158 160 165 166 165 160 131 158 153 153 155 176 163 179 179 187 190 177 176 183 178 185 197 197 186 191 201 202 207 207 193 187 193 184 191 192 214 208 193 187 192 184 177 177 194 194 195 190 176 162 153 154 184 155 155 160 170 175 175 155 175 181 140 173
164 161 177 156 133 109 136 156 120 120 255 255 255 255 255 255 255 133 163 167 158 153 169 156 156 162 165 165 158 255 179 255 154 175 153 159 137 171 166 166 153 176 180 181 183 182 146 176 178 189 193 188 184 211 211 209 197 195 194 179 181 198 199 195 175 177 170 175 175 193 155 164 181 178 164 172 182 163 177 184 195 168 187 187 151 157 164 167 177
166 172 168 171 157 127 135 156 142 142 255 255 255 255 255 255 255 150 150 158 153 157 156 164 164 161 162 150 158 186 255 255 181 154 149 142 255 176 181 181 169 163 183 184 182 169 182 187 190 194 179 181 188 195 195 204 202 199 185 193 176 185 202 221 192 177 174 196 196 179 160 166 190 170 153 170 186 182 181 187 182 199 168 168 146 135 166 171 148
153 161 167 159 147 142 128 152 145 145 128 255 255 255 255 165 255 255 151 170 145 151 163 164 164 156 174 167 141 156 255 255 255 182 160 175 185 255 142 142 170 155 168 176 189 167 181 170 200 190 173 185 174 171 171 192 191 207 204 207 198 190 197 211 214 187 186 200 200 184 167 174 189 191 174 161 191 174 198 181 179 178 151 151 153 146 159 132 151
152 160 164 166 158 144 159 159 148 148 255 255 255 255 255 160 255 255 158 153 172 163 165 158 158 140 160 155 155 136 255 255 255 255 255 199 255 255 255 255 175 165 160 172 157 166 163 179 188 181 180 171 177 190 190 179 193 195 185 197 186 191 205 211 213 214 195 189 189 183 177 175 182 182 184 176 185 180 176 190 181 173 169 169 170 175 172 144 150
169 158 167 169 162 151 156 140 146 146 126 255 255 255 255 151 255 255 255 170 186 177 168 172 172 147 126 133 170 124 255 255 169 255 255 255 255 255 255 255 156 166 150 171 131 161 160 163 184 190 195 163 173 175 175 175 185 184 192 194 192 196 197 205 206 205 207 187 187 179 175 181 178 177 182 176 181 180 177 156 160 164 156 156 166 179 171 151 166
164 140 161 158 176 166 162 144 155 155 141 255 255 255 255 255 145 150 146 189 179 178 176 160 160 150 134 144 140 134 143 152 139 255 172 255 255 183 255 255 255 255 150 152 157 178 169 188 189 187 199 202 187 188 188 185 196 206 201 194 184 189 199 206 188 213 203 200 200 180 175 191 185 185 190 183 197 181 180 171 180 173 179 179 186 178 177 142 203
164 140 161 158 176 166 162 144 155 155 141 255 255 255 255 255 145 150 146 189 179 178 176 160 160 150 134 144 140 134 143 152 139 255 172 255 255 183 255 255 255 255 150 152 157 178 169 188 189 187 199 202 187 188 188 185 196 206 201 194 184 189 199 206 188 213 203 200 200 180 175 191 185 185 190 183 197 181 180 171 180 173 179 179 186 178 177 142 203
200 171 168 168 160 164 162 163 156 156 156 141 152 162 255 255 255 146 159 168 170 176 173 149 149 142 171 164 135 134 255 255 145 255 255 255 255 200 255 255 255 152 162 170 146 126 137 175 174 160 187 192 183 201 201 190 198 191 187 174 181 202 206 205 193 186 195 198 198 183 188 190 186 185 198 185 185 180 163 182 179 181 180 180 166 164 185 186 193
139 219 183 178 174 167 167 155 151 151 147 138 255 255 255 255 255 255 149 175 152 160 164 164 164 152 150 148 132 255 140 150 127 255 255 255 255 255 167 167 165 181 172 157 122 92 134 155 157 172 210 187 185 181 181 199 199 200 185 193 191 198 190 203 201 200 189 194 194 189 192 204 203 188 181 168 174 165 158 179 198 197 199 199 190 174 191 189 190
166 182 171 181 178 161 163 153 151 151 147 147 129 137 255 155 255 255 161 178 170 181 153 162 162 150 144 156 143 137 118 105 126 161 255 255 255 222 203 203 196 184 167 144 119 123 138 162 164 168 179 195 196 194 194 203 203 207 194 158 180 191 190 171 210 198 188 189 189 193 190 198 190 182 171 177 153 174 177 172 183 198 197 197 204 204 194 204 187
168 170 179 165 180 164 174 166 154 154 134 255 255 255 255 255 255 255 136 164 170 178 157 161 161 160 159 142 141 138 153 123 158 255 255 255 255 194 255 255 193 205 177 170 129 119 143 171 193 188 178 177 187 189 189 206 226 204 203 181 188 196 170 175 215 216 203 200 200 184 189 164 174 182 175 168 173 181 165 180 199 195 183 183 195 213 174 145 189
182 188 176 183 183 176 255 142 136 136 129 255 255 255 255 255 126 255 137 155 157 158 158 162 162 157 155 145 183 141 255 130 255 117 255 195 255 198 255 255 255 255 255 139 121 140 132 164 172 166 166 181 189 190 190 214 230 206 213 200 194 186 200 172 192 194 198 195 195 187 195 191 186 186 196 189 195 188 165 183 184 178 184 184 193 199 173 182 161
179 154 177 182 180 182 255 132 255 255 146 255 255 255 255 255 255 255 150 168 168 164 173 161 161 255 255 186 172 255 128 255 255 255 144 255 255 187 179 179 255 255 255 179 182 255 156 162 186 187 164 123 159 208 208 222 199 206 212 212 200 191 203 183 181 186 171 180 180 194 192 194 182 184 192 188 192 190 188 181 178 161 172 172 179 168 166 182 176
176 174 161 184 174 175 166 145 255 255 255 107 255 255 255 255 255 134 149 190 171 164 169 145 145 255 255 255 255 255 125 109 100 255 255 154 129 255 175 175 255 255 255 171 255 255 141 136 160 173 216 132 161 211 211 195 169 210 214 218 213 212 198 189 164 166 177 183 183 158 186 177 174 197 205 188 187 189 183 184 175 163 193 193 192 172 169 200 192
177 175 188 178 170 155 163 138 255 255 255 255 150 152 255 151 158 144 197 176 194 188 162 175 175 163 190 128 255 140 255 255 255 255 114 255 255 255 141 141 147 255 255 255 168 255 166 154 129 208 224 140 202 185 185 198 227 211 208 215 210 199 186 195 189 171 187 179 179 183 174 173 179 187 190 183 181 184 190 196 180 193 208 208 199 180 160 167 185
176 171 178 187 163 157 155 161 255 255 255 255 144 255 255 134 153 162 167 165 168 161 140 147 147 154 255 255 255 255 158 255 255 255 127 255 255 255 135 135 135 255 255 255 195 164 208 187 172 207 205 186 245 143 143 192 207 193 195 197 182 203 202 203 195 186 189 182 182 170 168 181 182 196 198 205 203 191 189 185 173 182 180 180 166 169 164 151 177
178 159 168 159 255 255 255 147 184 184 255 255 179 255 255 126 255 199 155 153 162 149 156 255 255 255 255 106 255 255 255 255 125 120 255 255 255 255 195 195 255 194 255 255 255 187 195 179 192 185 207 189 201 202 202 201 201 175 183 206 179 207 200 204 210 200 174 202 202 204 187 166 185 192 215 199 219 196 183 170 158 183 185 185 177 186 199 195 177
166 159 188 168 255 255 154 142 205 205 189 172 129 170 255 255 137 255 255 148 161 154 142 159 159 255 255 255 255 255 255 255 255 149 136 128 120 162 194 194 255 199 196 255 195 172 178 179 208 217 188 150 205 216 216 196 196 185 173 204 185 166 196 201 199 198 194 204 204 203 179 171 182 176 172 217 217 190 175 172 164 201 214 214 194 173 208 188 162
167 168 182 174 154 255 144 255 222 222 207 155 160 255 197 139 133 147 255 255 255 151 143 148 148 187 255 126 255 255 255 151 165 147 148 255 107 255 154 154 190 255 255 199 174 178 185 198 197 217 205 207 200 210 210 208 186 203 201 203 157 157 198 205 197 201 215 221 221 200 212 199 190 197 190 230 223 196 193 188 165 188 210 210 197 170 180 178 178
174 175 187 255 255 255 158 148 195 195 176 255 114 255 177 255 255 163 162 137 130 255 133 255 255 255 255 255 255 255 255 255 255 255 255 255 149 171 139 139 149 255 177 255 255 255 200 200 187 196 189 186 226 221 221 210 194 186 194 157 182 194 190 196 197 201 213 197 197 179 200 208 194 206 209 216 223 208 179 190 189 184 180 180 183 184 181 190 168
173 175 165 180 140 134 154 196 255 255 131 145 165 138 255 255 255 255 255 120 255 255 255 121 121 255 255 255 255 255 184 255 255 146 255 255 255 184 255 255 192 255 171 255 255 255 157 183 255 174 171 182 207 207 207 203 191 192 190 146 197 192 186 163 188 202 198 178 178 196 197 197 202 208 208 216 218 204 197 200 198 189 191 191 173 175 174 190 167
173 175 165 180 140 134 154 196 255 255 131 145 165 138 255 255 255 255 255 120 255 255 255 121 121 255 255 255 255 255 184 255 255 146 255 255 255 184 255 255 192 255 171 255 255 255 157 183 255 174 171 182 207 207 207 203 191 192 190 146 197 192 186 163 188 202 198 178 178 196 197 197 202 208 208 216 218 204 197 200 198 189 191 191 173 175 174 190 167
173 177 167 169 152 255 255 172 255 255 255 97 120 255 255 179 255 255 255 255 125 255 255 255 255 255 255 255 255 255 255 179 255 255 137 255 133 138 132 132 174 148 158 255 255 255 176 170 255 184 182 196 201 204 204 196 212 178 187 177 155 190 176 142 187 203 191 177 177 174 176 192 209 214 216 211 209 199 199 201 204 193 198 198 182 190 187 172 169
171 173 169 151 255 144 162 255 255 255 97 81 77 84 255 255 255 143 255 113 125 255 255 255 255 255 255 255 255 255 255 183 179 132 255 255 255 255 255 255 176 255 141 207 255 255 255 140 255 167 179 196 188 201 201 208 230 199 181 179 182 187 178 167 200 191 177 180 180 182 189 208 204 212 218 211 211 215 218 214 210 200 176 176 185 192 184 186 186
175 186 193 164 135 255 153 183 195 195 255 93 86 255 255 151 255 255 255 255 255 255 255 255 255 255 255 255 255 255 255 255 255 139 119 136 255 136 152 152 155 153 255 255 141 158 255 255 178 180 181 196 184 177 177 227 172 180 199 191 156 172 166 196 211 204 194 201 201 194 197 201 203 205 212 204 204 210 216 219 211 204 189 189 187 187 182 193 196
183 185 180 162 146 255 255 127 162 162 255 126 106 255 255 255 255 255 255 255 255 255 145 255 255 255 255 255 255 255 255 255 139 141 150 151 255 157 145 145 255 255 160 255 151 255 255 181 255 255 205 185 197 218 218 205 174 206 202 191 139 255 168 202 188 180 209 200 200 174 188 208 208 193 202 207 206 194 187 203 195 197 177 177 161 172 174 185 168
176 169 165 145 148 255 255 255 255 255 146 131 255 255 255 255 255 255 255 255 255 255 167 158 158 255 255 140 255 255 255 255 173 146 152 255 162 255 255 255 255 154 153 255 184 176 171 205 156 175 199 160 195 205 205 191 180 179 199 162 129 170 182 183 174 204 182 189 189 175 164 208 208 203 188 191 191 187 186 179 174 185 175 175 162 175 186 194 167
167 156 150 137 255 109 100 255 255 255 144 137 255 255 255 255 255 255 255 255 255 146 166 173 173 255 255 255 255 255 255 255 146 255 135 158 255 255 255 255 255 111 139 255 164 160 255 255 255 159 188 176 195 221 221 182 175 168 177 162 171 187 174 155 155 170 182 175 175 176 175 176 201 185 196 166 180 194 185 184 177 199 185 185 180 190 173 166 163
182 165 134 144 255 255 255 255 169 169 149 145 255 255 255 255 255 255 255 255 127 165 168 153 153 142 255 255 255 157 255 255 139 122 255 131 255 255 140 140 150 255 255 255 255 255 255 255 255 170 255 176 201 169 169 163 157 162 167 153 180 174 139 150 164 160 187 184 184 153 169 192 205 207 190 186 183 186 187 189 185 200 185 185 173 187 175 175 193
179 197 163 167 255 255 255 126 143 143 159 150 140 255 255 255 255 255 255 255 136 168 157 153 153 156 157 167 159 149 255 255 255 255 150 255 255 146 162 162 255 255 255 255 161 255 255 255 255 127 255 179 184 255 255 218 135 174 170 168 169 162 151 182 172 159 184 196 196 178 178 195 178 191 187 187 189 186 190 193 189 199 178 178 173 176 190 178 193
188 188 163 161 127 133 255 255 147 147 168 177 160 255 255 255 255 255 255 147 156 164 167 168 168 155 164 156 160 163 255 255 255 255 165 171 169 153 149 149 255 255 255 255 255 255 255 144 255 147 255 255 205 255 255 170 155 180 173 192 159 185 176 178 180 159 168 172 172 169 174 173 180 171 186 193 190 178 182 209 201 185 176 176 170 176 192 189 192
188 181 158 167 134 141 143 255 255 255 144 255 177 138 255 255 121 255 152 153 167 157 154 162 162 155 168 165 158 155 255 255 131 161 255 173 165 156 255 255 255 255 255 255 255 255 255 255 189 190 146 255 198 184 184 175 153 152 186 194 184 170 206 188 183 184 181 173 173 189 182 178 167 167 174 185 186 194 197 215 198 192 176 176 171 173 173 189 203
157 180 175 151 135 105 126 135 137 137 255 172 186 255 255 255 255 141 160 167 156 163 151 255 255 154 255 152 255 156 255 255 255 255 255 166 255 255 137 137 127 255 255 255 144 108 255 255 255 127 139 255 171 170 170 176 151 255 196 186 160 194 196 178 160 186 199 171 171 188 191 209 194 183 185 193 199 192 187 198 194 195 178 178 180 169 192 170 192
192 192 163 153 255 110 133 255 255 255 168 153 180 150 255 255 132 155 164 156 158 156 255 168 168 152 255 131 255 255 145 255 255 255 157 152 135 255 135 135 174 255 206 255 255 106 255 94 255 255 191 157 187 172 172 147 155 255 163 198 154 182 206 169 173 179 171 182 182 196 201 176 199 179 196 178 172 173 170 209 195 199 164 164 196 192 182 187 182
