population_density.asc
ncols         536
nrows         773
xllcorner     -3.262084961
yllcorner     4.7407226560001
cellsize      0.0083253775074627
NODATA_value  -9999
[rows 210 to 239 of 773, columns 264 to 329 of 536]
30.33991 30.33991 30.33991 30.3399 30.33991 30.33991 30.33991 30.33991 30.33991 30.33991 30.33991 30.33991 418.4779 543.7264 543.7264 543.7263 543.7264 543.7264 543.7264 543.7264 543.7264 543.7263 543.7264 543.7264 543.7264 543.7264 543.7264 543.7263 543.7264 543.7263 543.7264 543.7264 543.7263 543.7264 543.7264 543.7264 543.7264 543.7264 543.7264 543.7264 543.7264 543.7263 543.7264 543.7264 543.7263 543.7264 543.7264 543.7263 543.7264 543.7264 543.7263 543.7264 543.7264 543.7264 543.7264 532.3204 344.8545 354.2785 321.6342 102.7446 77.25764 68.40518 68.40519 68.40519 68.40519 68.40519
30.3399 30.33991 30.3399 30.3399 30.3399 30.33991 30.3399 30.3399 30.3399 30.3399 30.3399 30.3399 309.28 543.7263 543.7263 543.7263 543.7263 543.7263 543.7263 543.7263 543.7263 543.7263 543.7264 543.7263 543.7263 543.7263 543.7263 543.7263 543.7263 543.7263 543.7263 543.7263 543.7263 543.7263 543.7263 543.7263 543.7263 543.7263 543.7263 543.7263 543.7263 543.7263 543.7263 543.7263 543.7263 543.7263 543.7263 543.7263 543.7263 543.7263 543.7263 543.7263 543.7263 543.7263 543.7263 543.7263 543.7263 543.7263 472.1894 70.70924 68.40518 68.40518 68.40518 68.40519 68.40518 68.40519
30.3399 30.3399 30.3399 30.3399 30.3399 30.3399 30.3399 30.3399 30.3399 30.3399 30.3399 30.3399 53.16343 441.5464 543.7263 543.7263 543.7263 543.7263 543.7264 543.7263 543.7263 543.7263 543.7264 543.7263 543.7263 543.7263 543.7263 543.7263 543.7264 543.7263 543.7263 543.7263 543.7263 543.7263 543.7263 543.7263 543.7263 543.7263 543.7263 543.7263 543.7263 543.7263 543.7263 543.7263 543.7263 543.7263 543.7263 543.7263 543.7263 543.7263 543.7263 543.7263 543.7264 543.7263 543.7264 543.7263 543.7264 543.7263 493.313 68.40518 68.40519 68.40518 68.40519 68.40518 68.40519 68.40518
30.33991 30.33991 30.3399 30.33991 30.33991 30.33991 30.3399 30.33991 30.3399 30.33991 30.3399 30.33991 30.3399 117.1186 538.8901 543.7264 543.7264 543.7264 543.7264 543.7264 543.7263 543.7264 543.7264 543.7264 543.7264 543.7264 543.7263 543.7264 543.7264 543.7264 543.7264 543.7264 543.7263 543.7264 543.7264 543.7264 543.7264 543.7264 543.7263 543.7264 543.7264 543.7264 543.7264 543.7264 543.7264 543.7264 543.7264 543.7264 543.7264 543.7263 543.7264 543.7264 543.7264 543.7264 543.7264 543.7264 543.7264 543.7264 458.1909 157.6037 68.40519 68.40518 68.40519 68.40519 68.40519 68.40519
30.3399 30.3399 30.3399 30.3399 30.3399 30.3399 30.3399 30.3399 30.3399 30.3399 30.3399 30.33991 30.3399 30.33991 337.3772 543.7263 543.7263 543.7263 543.7263 543.7263 543.7263 543.7263 543.7263 543.7263 543.7263 543.7263 543.7263 543.7263 543.7263 543.7263 543.7263 543.7263 543.7263 543.7263 543.7263 543.7263 543.7263 543.7263 543.7263 543.7263 543.7263 543.7263 543.7263 543.7263 543.7263 543.7263 543.7263 543.7263 543.7263 543.7263 543.7263 543.7263 543.7263 543.7263 543.7263 543.7263 543.7263 543.7263 543.7263 528.7083 291.4685 68.40518 68.40518 68.40519 68.40518 68.40518
30.3399 30.3399 30.3399 30.3399 30.3399 30.3399 30.3399 30.3399 30.3399 30.3399 30.3399 30.3399 30.3399 30.3399 37.096 399.9836 543.7263 543.7263 543.7263 543.7263 543.7263 543.7263 543.7263 543.7263 543.7263 543.7263 543.7263 543.7263 543.7263 543.7263 543.7263 543.7263 543.7263 543.7263 543.7263 543.7263 543.7263 543.7263 543.7263 543.7263 543.7263 543.7263 543.7263 543.7263 543.7263 543.7263 543.7263 543.7263 543.7263 543.7263 543.7263 543.7263 543.7263 543.7263 543.7263 543.7263 543.7263 543.7263 539.1853 440.4237 244.6806 68.40518 68.40518 68.40518 68.40518 68.40518
30.3399 30.3399 30.3399 30.3399 30.33991 30.3399 30.3399 30.3399 30.3399 30.3399 30.33991 30.3399 30.3399 30.3399 30.3399 75.74578 514.5244 543.7263 543.7263 543.7263 543.7263 543.7263 543.7264 543.7263 543.7263 543.7263 543.7263 543.7263 543.7264 543.7263 543.7263 543.7263 543.7263 543.7263 543.7264 543.7263 543.7263 543.7263 543.7263 543.7263 543.7264 543.7263 543.7264 543.7263 543.7263 543.7263 543.7263 543.7263 543.7264 543.7263 543.7263 543.7263 543.7264 543.7263 543.7264 543.7263 543.7263 365.2837 111.6454 68.40518 68.40519 68.40518 68.40518 68.40518 68.40519 68.40518
30.3399 30.3399 30.3399 30.3399 30.3399 30.3399 30.3399 30.3399 30.3399 30.3399 30.3399 30.3399 30.3399 30.3399 30.3399 30.3399 347.681 543.7263 543.7263 543.7263 543.7263 543.7263 543.7263 543.7263 543.7264 543.7263 543.7263 543.7263 543.7264 543.7263 543.7263 543.7263 543.7263 543.7263 543.7264 543.7263 543.7263 543.7263 543.7263 543.7263 543.7263 543.7263 543.7264 543.7263 543.7263 543.7263 543.7264 543.7263 543.7264 543.7263 543.7263 543.7263 543.7264 543.7263 543.7264 543.7263 543.7264 249.3931 68.40519 68.40518 68.4052 68.40518 68.40519 68.40519 68.40519 68.40518
30.3399 30.33991 30.3399 30.3399 30.3399 30.3399 30.33991 30.3399 30.3399 30.33991 30.3399 30.33991 30.3399 30.3399 30.3399 30.3399 149.6071 543.7263 543.7263 543.7263 543.7263 543.7263 543.7263 543.7263 543.7264 543.7263 543.7263 543.7264 543.7263 543.7263 543.7264 543.7263 543.7263 543.7263 543.7264 543.7264 543.7263 543.7264 543.7263 543.7263 543.7263 543.7263 543.7264 543.7263 543.7263 543.7264 543.7263 543.7263 543.7264 543.7263 543.7264 543.7263 543.7263 543.7264 543.7263 543.7263 531.0794 194.7191 68.40518 68.40518 68.40518 68.40518 68.40518 68.40519 68.40518 68.40518
22.7404 29.87324 30.29167 30.11807 30.3399 30.33418 30.33991 30.3399 30.3399 30.33991 30.3399 30.33991 30.3399 30.3399 111.6285 30.3399 207.5628 543.7263 543.7263 543.7263 543.7263 543.7263 543.7263 543.7263 543.7263 543.7263 543.7263 543.7264 543.7263 543.7263 543.7263 543.7263 543.7263 543.7263 543.7263 543.7264 543.7263 543.7264 543.7263 543.7263 543.7263 543.7263 543.7263 543.7264 543.7263 543.7264 543.7263 543.7263 543.7264 543.7263 543.7263 543.7263 543.7263 543.7264 543.7263 543.7263 446.0434 68.40518 68.40519 68.40519 68.40518 68.40518 68.40518 68.40518 68.40519 68.40518
11.81096 13.31066 16.25241 13.38814 14.89441 12.8727 20.59768 30.3399 30.3399 30.3399 30.3399 30.3399 30.72912 224.7673 543.4553 267.555 234.9463 543.7263 543.7263 543.7263 543.7263 543.7264 543.7263 543.7263 543.7263 543.7263 543.7263 543.7263 543.7263 543.7263 543.7263 543.7263 543.7263 543.7263 543.7263 543.7263 543.7263 543.7263 543.7263 543.7263 543.7263 543.7263 543.7263 543.7263 543.7263 543.7263 543.7263 543.7263 543.7263 543.7263 543.7263 543.7263 543.7263 543.7264 543.7263 543.7263 403.0646 68.40518 68.40518 68.40519 68.40518 68.40518 68.40518 68.40518 68.40518 68.40518
11.81096 11.81096 11.81096 11.81096 11.81096 11.81096 15.28952 29.53727 30.3399 79.65833 147.8113 146.5159 427.3971 543.7263 543.7263 543.7263 543.7263 543.7263 543.7263 543.7263 543.7263 543.7263 543.7263 543.7263 543.7263 543.7263 543.7263 543.7263 543.7263 543.7263 543.7263 543.7263 543.7263 543.7263 543.7263 543.7263 543.7263 543.7263 543.7263 543.7263 543.7263 543.7263 543.7263 543.7263 543.7263 543.7263 543.7263 543.7263 543.7263 543.7263 543.7263 543.7263 543.7263 543.7263 543.7263 429.4642 125.5078 68.40518 68.40518 68.40518 68.40518 68.40518 68.40518 68.40518 68.40518 68.40518
11.81096 11.81096 11.81096 11.81096 11.81096 11.81096 11.81096 12.87428 14.47729 387.307 543.7264 543.7264 543.7264 543.7264 543.7263 543.7264 543.7264 543.7264 543.7264 543.7264 543.7263 543.7263 543.7264 543.7263 543.7264 543.7264 543.7263 543.7263 543.7264 543.7264 543.7264 543.7264 543.7263 543.7264 543.7264 543.7263 543.7264 543.7264 543.7263 543.7264 543.7264 533.5944 182.2012 431.7191 543.7263 368.791 235.7291 411.3008 543.7264 543.7263 543.7264 543.7264 543.7263 543.7264 543.7264 179.2929 28.7155 42.26362 68.07912 68.4052 68.40519 68.40518 68.4052 68.4052 68.40518 68.4052
11.81096 11.81096 11.81096 11.81096 11.81096 11.81096 11.81096 11.81096 11.81096 119.9267 254.7821 398.6565 543.7263 543.7263 543.7263 543.7263 543.7263 543.7263 543.7263 543.7263 543.7263 543.7263 543.7263 543.7263 543.7263 543.7263 543.7263 543.7263 543.7263 477.2359 297.6382 182.5731 531.0572 543.7264 543.7263 543.7263 543.7263 543.7263 543.7263 543.7263 543.7264 491.3966 40.06345 27.7622 259.8018 271.8041 24.55943 24.6899 63.83808 212.7717 227.6227 188.4191 543.7264 508.3404 363.1606 35.23737 24.55943 24.55943 48.32393 68.40518 68.40518 68.40518 68.40519 68.40518 68.40518 68.40518
11.81096 11.81096 11.81096 11.81096 11.81096 11.81096 11.81096 11.81096 11.81096 11.81096 11.81096 13.98351 365.5607 543.7264 543.2616 543.7263 543.7263 543.7263 533.0944 363.0366 231.0902 127.4537 462.9389 348.0077 298.1161 370.7594 535.2296 543.7264 422.2619 41.598 24.55943 24.55943 115.3886 231.0464 427.0508 543.6245 543.7263 543.7264 543.7263 543.7263 543.7263 543.7263 253.7206 24.55943 24.55943 28.10225 24.55943 24.55943 24.55943 24.55943 24.55943 49.46144 196.3363 50.89198 24.55943 24.55943 24.55943 24.55943 28.11549 67.47974 68.40518 68.40518 68.40519 68.40518 68.40519 68.40518
11.81096 11.81096 11.81096 11.81096 11.81096 11.81096 11.81096 11.81096 11.81096 11.81096 11.81096 11.81096 84.38122 404.0063 116.3499 194.5135 171.9567 246.3223 70.50582 24.55943 24.55943 24.55943 46.48264 24.55943 24.55943 24.55943 231.4131 288.6065 109.1157 24.55943 24.55943 24.55943 24.55943 24.55943 24.55943 139.0896 415.1244 539.3568 543.6725 543.7263 543.7263 543.7263 246.4801 24.55943 24.55943 24.55943 24.55943 24.55943 24.55943 24.55943 24.55943 24.55943 24.55943 24.55943 24.55943 24.55943 24.55943 24.55943 24.55943 51.97992 68.40518 68.40518 68.40518 68.40519 68.40518 68.40518
11.81096 11.81096 11.81096 11.81096 11.81096 11.81096 11.81096 11.81096 11.81096 11.81096 11.81096 11.81096 11.81096 12.09999 24.05912 24.55943 24.55943 24.55943 24.55943 24.55943 24.55943 24.55943 24.55943 24.55943 24.55943 24.55943 24.55943 24.55943 24.55943 24.55943 24.55943 24.55943 24.55943 24.55943 24.55943 24.55943 24.55943 53.50509 93.47383 179.9278 250.4727 367.9574 332.3066 172.1105 25.12502 24.55943 24.55943 24.55943 24.55943 24.55943 24.55943 24.55943 24.55943 24.55943 24.55943 24.55943 24.55943 24.55943 24.55943 31.0211 66.24852 68.40518 68.40518 68.40519 68.40518 68.40518
11.81096 11.81096 11.81096 11.81096 11.81096 11.81096 11.81096 11.81096 11.81096 11.81096 11.81096 11.81096 11.81096 11.81096 13.19237 15.17327 20.25509 22.13943 22.41714 24.55943 24.55943 24.55943 24.55943 24.55943 24.55943 24.55943 24.55943 24.55943 24.55943 24.55943 24.55943 24.55943 24.55943 24.55943 24.55943 24.55943 24.55943 24.55943 24.55943 24.55943 24.55943 24.55943 24.55943 108.193 64.57699 24.55943 24.55943 24.55943 24.55943 24.55943 24.55943 24.55943 24.55943 24.55943 24.55943 24.55943 24.55943 24.55943 24.55943 24.55943 25.74848 33.73564 61.97042 68.40518 59.52928 45.89416
11.81096 11.81096 11.81096 11.81096 11.81096 11.81096 11.81096 11.81096 11.81096 11.81096 11.81096 11.81096 11.81096 11.81096 11.81096 11.81096 11.81096 11.81096 11.99056 17.01667 24.55943 24.55943 24.55943 24.55943 24.55943 24.55943 24.55943 24.55943 24.55943 24.55943 24.55943 24.55943 24.55943 24.55943 24.55943 24.55943 24.55943 24.55943 24.55943 24.55943 24.55943 24.55943 24.55943 24.55943 24.55943 24.55943 24.55943 24.55943 24.55943 24.55943 24.55943 24.55943 24.55943 24.55943 24.55943 24.55943 24.55943 24.55943 24.55943 24.55943 24.55943 24.55943 26.82296 33.76638 25.37764 24.55943
11.81096 11.81096 11.81096 11.81096 11.81096 11.81096 11.81096 11.81096 11.81096 11.81096 11.81096 11.81096 11.81096 11.81096 11.81096 11.81096 11.81096 11.81096 11.81096 15.11014 24.55943 24.55943 24.55943 24.55943 24.55943 24.55943 24.55943 24.55943 24.55943 24.55943 24.55943 24.55943 24.55943 24.55943 24.55943 24.55943 24.55943 24.55943 24.55943 24.55943 24.55943 24.55943 24.55943 24.55943 24.55943 24.55943 24.55943 24.55943 24.55943 24.55943 24.55943 24.55943 24.55943 24.55943 24.55943 24.55943 24.55943 24.55943 24.55943 24.55943 24.55943 24.55943 24.55943 24.55943 24.55943 24.55943
11.81096 11.81096 11.81096 11.81096 11.81096 11.81096 11.81096 11.81096 11.81096 11.81096 11.81096 11.81096 11.81096 11.81096 11.81096 11.81096 11.81096 11.81096 11.81096 12.16915 23.47011 24.55943 24.55943 24.55943 24.55943 24.55943 24.55943 24.55943 24.55943 24.55943 24.55943 24.55943 24.55943 24.55943 24.55943 24.55943 24.55943 24.55943 24.55943 24.55943 24.55943 24.55943 24.55943 24.55943 24.55943 24.55943 24.55943 24.55943 24.55943 24.55943 24.55943 24.55943 24.55943 24.55943 24.55943 24.55943 24.55943 24.55943 24.55943 24.55943 24.55943 24.55943 24.55943 24.55943 24.55943 24.55943
11.81096 11.81096 11.81096 11.81096 11.81096 11.81096 11.81096 11.81096 11.81096 11.81096 11.81096 11.81096 11.81096 11.81096 11.81096 11.81096 11.81096 11.81096 11.81096 11.81096 18.4347 24.55943 24.55943 24.55943 24.55943 24.55943 24.55943 24.55943 24.55943 24.55943 24.55943 24.55943 24.55943 24.55943 24.55943 24.55943 24.55943 24.55943 24.55943 24.55943 24.55943 24.55943 24.55943 24.55943 24.55943 24.55943 24.55943 24.55943 24.55943 24.55943 24.55943 24.55943 24.55943 24.55943 24.55943 24.55943 24.55943 24.55943 24.55943 24.55943 24.55943 24.55943 24.55943 24.55943 24.55943 24.55943
11.81096 11.81096 11.81096 11.81096 11.81096 11.81096 11.81096 11.81096 11.81096 11.81096 11.81096 11.81096 11.81096 11.81096 11.81096 11.81096 11.81096 11.81096 11.81096 11.81096 13.24052 24.36002 24.55943 24.55943 24.55943 24.55943 24.55943 24.55943 24.55943 24.55943 24.55943 24.55943 24.55943 24.55943 24.55943 24.55943 24.55943 24.55943 24.55943 24.55943 24.55943 24.55943 24.55943 24.55943 24.55943 24.55943 24.55943 24.55943 24.55943 24.55943 24.55943 24.55943 24.55943 24.55943 24.55943 24.55943 24.55943 24.55943 24.55943 24.55943 24.55943 24.55943 24.55943 24.55943 24.55943 24.55943
11.81096 11.81096 11.81096 11.81096 11.81096 11.81096 11.81096 11.81096 11.81096 11.81096 11.81096 11.81096 11.81096 11.81096 11.81096 11.81096 11.81096 11.81096 11.81096 11.81096 11.81096 20.39599 24.55943 24.55943 24.55943 24.55943 24.55943 24.55943 24.55943 24.55943 24.55943 24.55943 24.55943 24.55943 24.55943 24.55943 24.55943 24.55943 24.55943 24.55943 24.55943 24.55943 24.55943 24.55943 24.55943 24.55943 24.55943 24.55943 24.55943 24.55943 24.55943 24.55943 24.55943 24.55943 24.55943 24.55943 24.55943 24.55943 24.55943 24.55943 24.55943 24.55943 24.55943 24.55943 24.55943 24.55943
11.81096 11.81096 11.81096 11.81096 11.81096 11.81096 11.81096 11.81096 11.81096 11.81096 11.81096 11.81096 11.81096 11.81096 11.81096 11.81096 11.81096 11.81096 11.81096 11.81096 11.81096 14.99679 24.55943 24.55943 24.55943 24.55943 24.55943 24.55943 24.55943 24.55943 24.55943 24.55943 24.55943 24.55943 24.55943 24.55943 24.55943 24.55943 24.55943 24.55943 24.55943 24.55943 24.55943 24.55943 24.55943 24.55943 24.55943 24.55943 24.55943 24.55943 24.55943 24.55943 24.55943 24.55943 24.55943 24.55943 24.55943 24.55943 24.55943 24.55943 24.55943 24.55943 24.55943 24.55943 24.55943 24.55943
11.81096 11.81096 11.81096 11.81096 11.81096 11.81096 11.81096 11.81096 11.81096 11.81096 11.81096 11.81096 11.81096 11.81096 11.81096 11.81096 11.81096 11.81096 11.81096 11.81096 11.81096 11.82287 21.75014 24.55943 24.55943 24.55943 24.55943 24.55943 24.55943 24.55943 24.55943 24.55943 24.55943 24.55943 24.55943 24.55943 24.55943 24.55943 24.55943 24.55943 24.55943 24.55943 24.55943 24.55943 24.55943 24.55943 24.55943 24.55943 24.55943 24.55943 24.55943 24.55943 24.55943 24.55943 24.55943 24.55943 24.55943 24.55943 24.55943 24.55943 24.55943 24.55943 24.55943 24.55943 24.55943 24.55943
11.81096 11.81096 11.81096 11.81096 11.81096 11.81096 11.81096 11.81096 11.81096 11.81096 11.81096 11.81096 11.81096 11.81096 11.81096 11.81096 11.81096 11.81096 11.81096 11.81096 11.81096 11.81096 15.38779 24.55943 24.55943 24.55943 24.55943 24.55943 24.55943 24.55943 24.55943 24.55943 24.55943 24.55943 24.55943 24.55943 24.55943 24.55943 24.55943 24.55943 24.55943 24.55943 24.55943 24.55943 24.55943 24.55943 24.55943 24.55943 24.55943 24.55943 24.55943 24.55943 24.55943 24.55943 24.55943 24.55943 24.55943 24.55943 24.55943 24.55943 24.55943 24.55943 24.55943 24.55943 24.55943 24.55943
11.81096 11.81096 11.81096 11.81096 11.81096 11.81096 11.81096 11.81096 11.81096 11.81096 11.81096 11.81096 11.81096 11.81096 11.81096 11.81096 11.81096 11.81096 11.81096 11.81096 11.81096 11.81096 11.82287 21.75009 24.55943 24.55943 24.55943 24.55943 24.55943 24.55943 24.55943 24.55943 24.55943 24.55943 24.55943 24.55943 24.55943 24.55943 24.55943 24.55943 24.55943 24.55943 24.55943 24.55943 24.55943 24.55943 24.55943 24.55943 24.55943 24.55943 24.55943 24.55943 24.55943 24.55943 24.55943 24.55943 24.55943 24.55943 24.55943 24.55943 24.55943 24.55943 24.55943 24.55943 24.55943 24.55943
11.81096 11.81096 11.81096 11.81096 11.81096 11.81096 11.81096 11.81096 11.81096 11.81096 11.81096 11.81096 11.81096 11.81096 11.81096 11.81096 11.81096 11.81096 11.81096 11.81096 11.81096 11.81096 11.81096 15.38779 24.55943 24.55943 24.55943 24.55943 24.55943 24.55943 24.55943 24.55943 24.55943 24.55943 24.55943 24.55943 24.55943 24.55943 24.55943 24.55943 24.55943 24.55943 24.55943 24.55943 24.55943 24.55943 24.55943 24.55943 24.55943 24.55943 24.55943 24.55943 24.55943 24.55943 24.55943 24.55943 24.55943 24.55943 24.55943 24.55943 24.55943 24.55943 24.55943 24.55943 24.55943 24.55943
11.81096 11.81096 11.81096 11.81096 11.81096 11.81096 11.81096 11.81096 11.81096 11.81096 11.81096 11.81096 11.81096 11.81096 11.81096 11.81096 11.81096 11.81096 11.81096 11.81096 11.81096 11.81096 11.81096 11.82287 22.34822 24.55943 24.55943 24.55943 24.55943 24.55943 24.55943 24.55943 24.55943 24.55943 24.55943 24.55943 24.55943 24.55943 24.55943 24.55943 24.55943 24.55943 24.55943 24.55943 24.55943 24.55943 24.55943 24.55943 24.55943 24.55943 24.55943 24.55943 24.55943 24.55943 24.55943 24.55943 24.55943 24.55943 24.55943 24.55943 24.55943 24.55943 24.55943 24.55943 24.55943 24.55943
