population_density.asc
ncols         536
nrows         773
xllcorner     -3.262084961
yllcorner     4.7407226560001
cellsize      0.0083253775074627
NODATA_value  -9999
[rows 660 to 689 of 773, columns 264 to 329 of 536]
164.4171 164.4171 164.4171 164.4171 164.4171 164.4171 164.4171 164.4171 164.4171 164.4171 164.4171 164.4171 164.4171 164.4171 164.4171 164.4171 164.4171 164.4171 164.4171 164.4171 164.4171 164.4171 164.4171 164.4171 305.5264 419.2148 419.2148 419.2148 419.2148 419.2148 419.2148 419.2148 419.2148 419.2148 411.3223 338.7341 329.594 329.594 329.594 329.594 329.594 329.594 329.594 329.594 329.594 329.594 329.594 329.594 329.594 329.594 329.594 329.594 329.594 329.594 329.594 329.594 334.9041 650.2688 711.053 711.053 711.053 711.053 711.053 711.053 711.053 711.053
164.4171 164.4171 164.4171 164.4171 164.4171 164.4171 164.4171 164.4171 164.4171 164.4171 164.4171 164.4171 164.4171 164.4171 164.4171 164.4171 164.4171 164.4171 164.4171 164.4171 164.4171 164.4171 164.4171 178.1577 365.4783 419.2148 419.2148 419.2148 419.2148 419.2149 419.2148 419.2148 419.2148 419.2148 419.2148 348.5991 329.5941 329.5941 329.594 329.5941 329.594 329.5941 329.594 329.594 329.594 329.5941 329.5941 329.5941 329.594 329.594 329.5941 329.5941 329.594 329.5941 329.594 329.594 414.051 680.9764 711.053 711.053 711.0532 711.053 711.053 711.0532 711.053 711.0531
164.4171 164.4171 164.4171 164.4171 164.4171 164.4171 164.4171 164.4171 164.4171 164.4171 164.4171 164.4171 164.4171 164.4171 164.4171 164.4171 164.4171 164.4171 164.4171 164.4171 164.4171 164.4171 164.4171 195.8219 419.2148 419.2148 419.2148 419.2148 419.2148 419.2148 419.2148 419.2148 419.2148 419.2148 417.1145 336.8886 329.594 329.594 329.594 329.5941 329.594 329.5941 329.594 329.594 329.594 329.594 329.594 329.5941 329.594 329.594 329.594 329.5941 329.594 329.594 330.3196 496.4214 699.2993 711.0531 711.053 711.053 711.053 711.053 711.053 711.053 711.053 711.053
164.4171 164.4171 164.4171 164.4171 164.4171 164.4171 164.4171 164.4171 164.4171 164.4171 164.4171 164.4171 164.4171 164.4171 164.4171 164.4171 164.4171 164.4171 164.4171 164.4171 164.4171 164.4171 164.4171 177.2782 418.3004 419.2148 419.2148 419.2148 419.2148 419.2148 419.2148 419.2148 419.2148 419.2148 413.4071 339.4605 329.5941 329.5941 329.5941 329.5941 329.5941 329.5941 329.5941 329.5941 329.594 329.5941 329.5941 329.5941 329.5941 329.5941 329.5941 329.5941 329.5941 329.594 358.5145 617.2744 711.053 711.0532 702.4487 711.0531 711.0531 711.053 711.0532 711.053 711.0532 711.0531
164.4171 164.4171 164.4171 164.4171 164.4171 164.4171 164.4171 164.4171 164.4171 164.4171 164.4171 164.4171 164.4171 164.4171 164.4171 164.4171 164.4171 164.4171 164.4171 164.4171 164.4171 164.4171 164.4171 170.327 414.2466 419.2148 419.2148 419.2148 419.2148 419.2148 419.2148 419.2148 419.2148 419.2148 419.2148 353.7256 329.594 329.5941 329.594 329.5941 329.5941 329.594 329.594 329.594 329.594 329.594 329.594 329.5941 329.594 329.594 329.594 329.594 329.594 329.594 329.594 332.9926 480.4239 487.7417 507.3573 710.8226 711.053 711.053 711.0531 711.053 711.0531 711.053
164.4171 164.4171 164.4171 164.4171 164.4171 164.4171 164.4171 164.4171 164.4171 164.4171 164.4171 164.4171 164.4171 164.4171 164.4171 164.4171 164.4171 164.4171 164.4171 164.4171 164.4171 164.4171 164.4171 164.4461 406.7097 419.2148 419.2148 419.2148 419.2148 419.2148 419.2148 419.2148 419.2148 419.2148 417.0819 332.808 329.594 329.594 329.594 329.594 329.594 329.594 329.594 329.594 329.594 329.594 329.594 329.594 329.594 329.594 329.594 329.594 329.594 329.594 329.594 329.594 429.222 680.9328 711.0529 711.053 711.0529 711.053 711.053 711.053 711.0529 711.053
164.4171 164.4171 164.4171 164.4171 164.4171 164.4171 164.4171 164.4171 164.4171 164.4171 164.4171 164.4171 164.4171 164.4171 164.4171 164.4171 164.4171 164.4171 164.4171 164.4171 164.4171 164.4171 164.4171 214.7608 419.2106 419.2148 419.2148 419.2148 419.2148 419.2148 419.2148 419.2148 419.2148 419.2148 418.9718 371.4803 329.594 329.594 329.594 329.594 329.594 329.594 329.594 329.594 329.594 329.594 329.594 329.594 329.5941 329.594 329.594 329.594 329.5941 329.594 329.594 329.594 362.541 581.3814 531.5905 711.053 711.053 711.0529 711.053 711.053 711.053 711.053
164.4171 164.4171 164.4171 164.4171 164.4171 164.4171 164.4171 164.4171 164.4171 164.4171 164.4171 164.4171 164.4171 164.4171 164.4171 164.4171 164.4171 164.4171 164.4171 164.4171 164.4171 164.4171 337.2103 417.3306 419.2148 419.2148 419.2148 419.2148 419.2148 419.2148 419.2148 419.2148 419.2148 419.2149 419.2148 419.2141 377.9016 330.3089 329.594 329.5941 329.5941 329.5941 329.594 329.5941 329.594 329.5941 329.5941 329.5941 329.5941 329.594 329.5941 329.5941 329.5941 329.5941 329.5941 329.5941 329.5941 329.5941 457.2852 711.0532 711.053 711.053 711.0532 711.053 711.053 711.0531
164.4171 164.4171 164.4171 164.4171 164.4171 164.4171 164.4171 164.4171 164.4171 164.4171 164.4171 164.4171 164.4171 164.4171 164.4171 164.4171 164.4171 164.4171 164.4171 164.4171 164.4171 164.4171 376.0707 419.2148 419.2148 419.2148 419.2148 419.2148 419.2148 419.2148 419.2148 419.2148 419.2148 419.2148 419.2148 419.2148 419.2148 393.0686 341.42 329.5941 329.5941 329.5941 329.594 329.5941 329.5941 329.5941 329.594 329.5941 329.594 329.5941 329.5941 329.594 329.594 329.5941 329.594 329.594 329.5941 407.8557 707.0004 711.053 711.053 711.053 711.0531 711.053 711.053 711.053
164.4171 164.4171 164.4171 164.4171 164.4171 164.4171 164.4171 164.4171 164.4171 164.4171 164.4171 164.4171 164.4171 164.4171 164.4171 164.4171 164.4171 164.4171 164.4171 164.4171 164.4171 164.4171 276.6148 419.2148 419.2148 419.2148 419.2148 419.2148 419.2148 419.2148 419.2148 419.2148 419.2148 419.2148 419.2148 419.2148 419.2148 419.2148 417.1059 381.5927 343.9346 329.5941 329.5941 329.5941 329.5941 329.5941 329.5941 329.5941 329.5941 329.5941 329.5941 329.5941 329.5941 329.5941 329.5941 329.5941 329.5941 595.6284 711.053 711.0531 711.0531 711.053 711.0531 711.0531 711.0531 711.053
164.4171 164.4171 164.4171 164.4171 164.4171 164.4171 164.4171 164.4171 164.4171 164.4171 164.4171 164.4171 164.4171 164.4171 164.4171 164.4171 164.4171 164.4171 164.4171 164.4171 164.4171 181.727 383.8119 419.2148 419.2148 419.2148 419.2148 419.2148 419.2148 419.2148 419.2148 419.2148 419.2148 419.2148 419.2148 419.2148 419.2148 419.2148 419.2148 419.2148 419.1653 401.4292 357.9823 329.594 329.594 329.594 329.594 329.594 329.594 329.594 329.594 329.5941 329.594 329.594 329.594 329.594 329.594 663.8292 711.053 711.053 711.053 711.053 711.053 711.053 711.053 711.053
164.4171 164.4171 164.4171 164.4171 164.4171 164.4171 164.4171 164.4171 164.4171 164.4171 164.4171 164.4171 164.4171 164.4171 164.4171 164.4171 164.4171 164.4171 164.4171 175.2965 276.2164 400.3469 419.2148 419.2148 419.2148 419.2148 419.2148 419.2148 419.2148 419.2148 419.2148 419.2148 419.2148 419.2148 419.2148 419.2148 419.2148 419.2148 419.2148 419.2148 419.2148 419.2148 417.5638 344.5075 329.594 329.5941 329.5941 329.5941 329.594 329.594 329.594 329.5941 497.8361 371.7749 329.5941 329.594 329.5941 604.3911 711.053 711.053 711.053 711.053 711.053 711.053 711.0531 711.053
164.4171 164.4171 164.4171 164.4171 164.4171 164.4171 164.4171 164.4171 164.4171 164.4171 164.4171 164.4171 164.4171 164.4171 164.4171 164.4171 164.4171 164.4171 164.4171 164.4171 167.2247 355.9999 418.779 419.2148 419.2148 419.2148 419.2148 419.2148 419.2148 419.2148 419.2148 419.2148 419.2148 419.2148 419.2148 419.2148 419.2148 419.2148 419.2148 419.2148 419.2148 419.2148 419.2148 380.7955 329.594 329.594 329.5941 329.594 329.5941 329.594 329.594 428.2843 611.1893 549.3762 492.9617 487.5307 362.1302 528.2614 711.0531 711.053 711.0531 711.053 711.053 711.053 711.053 711.053
164.4171 164.4171 164.4171 164.4171 164.4171 164.4171 164.4171 164.4171 164.4171 164.4171 164.4171 164.4171 164.4171 164.4171 164.4171 164.4171 164.4171 164.4171 164.4171 164.4171 164.4171 166.1087 192.7633 378.7353 419.2148 419.2148 419.2148 419.2148 419.2148 419.2148 419.2148 419.2148 419.2148 419.2148 419.2148 419.2148 419.2148 419.2148 419.2148 419.2148 419.2148 419.2148 419.2148 410.9468 330.7182 329.594 329.5941 329.594 329.5941 331.4298 347.9116 574.3906 612.7576 612.7575 612.7576 612.7575 573.7401 612.769 677.1338 711.053 711.0531 711.053 711.053 711.053 711.0531 711.053
164.4171 164.4171 164.4171 164.4171 164.4171 164.4171 164.4171 164.4171 164.4171 164.4171 164.4171 164.4171 164.4171 164.4171 164.4171 164.4171 164.4171 164.4171 164.4171 164.4171 164.4171 164.4171 164.4171 177.463 343.8271 419.2148 419.2148 419.2148 419.2148 419.2148 419.2148 419.2148 419.2148 419.2148 419.2148 419.2148 419.2148 419.2148 419.2148 419.2148 419.2148 419.2148 419.2148 419.2148 353.2212 329.594 329.5941 329.594 329.594 339.4381 533.8571 610.7092 612.7575 612.7575 612.7576 612.7575 612.7576 612.7575 652.3484 710.2548 711.053 711.053 711.053 711.053 711.0531 711.053
164.4171 164.4171 164.4171 164.4171 164.4171 164.4171 164.4171 164.4171 164.4171 164.4171 164.4171 164.4171 164.4171 164.4171 164.4171 164.4171 164.4171 164.4171 164.4171 164.4171 164.4171 164.4171 164.4171 164.4171 173.4729 370.6506 419.2148 419.2148 419.2148 419.2148 419.2148 419.2148 419.2148 419.2148 419.2148 419.2148 419.2148 419.2148 419.2148 419.2148 419.2148 419.2148 419.2148 419.2148 383.6451 329.594 329.594 329.594 329.594 421.6575 612.7014 612.7575 612.7575 612.7575 612.7576 612.7575 612.7575 612.7575 615.3022 633.8622 668.9075 711.053 711.053 711.0531 711.053 711.053
164.4171 164.4171 164.4171 164.4171 164.4171 164.4171 164.4171 164.4171 164.4171 164.4171 164.4171 164.4171 164.4171 164.4171 164.4171 164.4171 164.4171 164.4171 164.4171 164.4171 164.4171 164.4171 164.4171 164.4171 166.1324 288.246 330.2332 411.3342 419.2149 419.2148 419.2148 419.2148 419.2148 419.2148 419.2148 419.2148 419.2148 419.2148 419.2148 419.2148 419.2149 419.2148 419.2148 419.2148 408.5999 329.6055 329.594 329.5941 329.5941 454.8485 612.7576 612.7576 612.7576 612.7575 612.7576 612.7575 612.7576 612.7576 612.7576 612.7576 620.8842 711.053 711.0531 711.0531 711.0531 711.053
164.4171 164.4171 164.4171 164.4171 164.4171 164.4171 164.4171 164.4171 164.4171 164.4171 164.4171 164.4171 164.4171 164.4171 164.4171 164.4171 164.4171 164.4171 164.4171 164.4171 164.4171 164.4171 164.4171 164.4171 238.1158 295.0483 295.0483 307.7531 387.9088 419.2148 419.2148 419.2148 419.2148 419.2148 419.2148 419.2148 419.2148 419.2148 419.2148 419.2148 419.2148 419.2148 419.2148 419.2148 419.2148 341.6678 329.594 329.5941 329.594 448.5708 612.7575 612.7576 612.7575 612.7576 612.7575 612.7575 612.7575 612.7576 612.7575 612.7576 612.7596 688.8969 711.053 711.0531 711.053 711.053
164.4171 164.4171 164.4171 164.4171 164.4171 164.4171 164.4171 164.4171 164.4171 164.4171 164.4171 164.4171 164.4171 164.4171 164.4171 164.4171 164.4171 164.4171 164.4171 233.5446 295.2437 167.6584 178.364 258.4904 294.9936 295.0483 295.0483 295.0483 299.8871 359.4477 396.7794 418.0534 419.072 419.2148 419.2148 419.2148 419.2148 419.2148 419.2148 419.2148 419.2148 419.2148 419.2148 419.2148 419.2148 372.3584 329.594 329.594 401.8378 596.2327 612.7575 612.7576 612.7575 612.7576 612.7575 612.7575 612.7575 612.7576 612.7575 612.7576 612.7575 626.6022 703.1644 711.053 711.053 711.053
164.4171 164.4171 164.4171 164.4171 164.4171 164.4171 164.4171 164.4171 164.4171 164.4171 164.4171 170.2275 231.1947 187.2532 216.3347 187.4968 164.4171 164.4171 188.0363 335.3517 372.1496 334.8075 302.8605 295.0483 295.0484 295.0483 295.0483 295.0483 295.0484 295.0483 295.0483 303.2056 299.0124 339.5435 390.7457 419.2148 419.2148 423.7607 464.2693 419.2148 419.6918 468.0537 552.0117 514.2146 448.644 473.9237 403.9779 329.5941 398.5939 612.6484 612.7576 612.7576 612.7576 612.7576 612.7576 612.7575 612.7576 612.7576 612.7576 612.7576 612.7576 612.7575 662.834 711.0531 711.0532 711.053
242.3096 175.9527 164.4171 164.4171 164.4171 164.4171 164.4171 182.5468 193.4905 164.4171 164.4171 291.6667 372.1496 371.4018 372.1496 241.99 164.4171 164.4171 310.5891 372.1496 372.1496 372.1496 369.5355 328.8074 301.8394 295.0483 295.0483 295.0483 295.0483 295.0483 295.0483 295.0483 295.0483 295.0483 297.942 353.794 435.9999 473.0042 608.2551 540.4965 511.606 612.6739 612.7575 612.7575 612.7575 612.7575 612.4948 477.9652 413.5154 612.7575 612.7576 612.7574 612.7576 612.7575 612.7576 612.7575 612.7576 612.7574 612.7576 612.7574 612.7576 612.7575 613.2898 699.0893 711.053 711.053
372.1496 212.2183 169.3047 284.822 231.5831 210.0184 261.942 354.2492 372.1237 346.9601 326.1548 369.7752 372.1496 372.1496 372.1496 351.6995 200.8755 218.5572 371.6742 372.1496 372.1496 372.1496 372.1496 372.1496 360.2525 299.4285 295.0483 295.0483 295.0483 295.0483 295.0483 295.0483 295.0483 295.0483 295.0483 295.0483 400.2705 611.0183 612.7575 612.7575 612.7575 612.7576 612.7575 612.7576 612.7575 612.7575 612.7576 612.2186 462.8317 584.756 612.7575 612.7576 612.7575 612.7576 612.7575 612.7576 612.7576 612.7576 612.7576 612.7576 612.7576 612.7576 612.7575 653.9666 711.053 711.053
372.1496 364.2055 362.6136 372.1496 372.1496 372.1497 372.1496 372.1497 372.1496 372.1496 372.1496 372.1496 372.1496 372.1496 372.1496 372.1496 368.83 360.8167 372.1496 372.1496 372.1496 372.1496 372.1496 372.1496 372.1496 333.8901 295.0483 295.0483 295.0483 295.0483 295.0483 295.0483 295.0483 295.0483 295.0483 295.0483 295.0483 437.2513 605.5413 612.7576 612.7576 612.7575 612.7575 612.7575 612.7575 612.7576 612.7576 612.7575 612.7575 612.7575 612.7575 612.7576 612.7575 612.7575 612.7575 612.7576 612.7575 612.7575 612.7575 612.7575 612.7575 612.7576 612.7575 616.6748 644.7607 645.1503
372.1497 372.1497 372.1496 372.1497 372.1496 372.1497 372.1497 372.1497 372.1496 372.1497 372.1497 372.1496 372.1497 372.1497 372.1496 372.1497 372.1497 372.1497 372.1496 372.1497 372.1496 372.1496 372.1497 372.1497 370.3089 309.138 295.0483 295.0483 295.0484 295.0483 295.0484 295.0484 295.0483 295.0483 295.0484 295.0483 295.0484 295.0483 338.0521 465.6881 571.6768 612.7576 612.7576 612.7576 612.7575 612.7576 612.7576 612.7576 612.7576 612.7576 612.7575 612.7576 612.7576 612.7576 612.7576 612.7576 612.7575 612.7576 612.7576 612.7576 612.7576 612.7575 612.7576 612.7576 612.7575 612.7576
372.1496 372.1496 372.1496 372.1496 372.1496 372.1496 372.1496 372.1496 372.1496 372.1496 372.1496 372.1496 372.1496 372.1496 372.1496 372.1496 372.1496 372.1496 372.1496 372.1496 372.1496 372.1496 372.1496 368.2527 317.4939 295.0483 295.0483 295.0483 295.0483 295.0483 295.0483 295.0483 295.0483 295.0483 295.0483 295.0483 295.0483 295.0483 295.0483 295.0483 308.6994 510.1592 612.7575 612.7574 612.7575 612.7574 612.7575 612.7575 612.7575 612.7575 612.7575 612.7575 612.7575 612.7574 612.7575 612.7575 612.7575 612.7575 612.7575 612.7574 612.7575 612.7575 612.7575 612.7575 612.7575 612.7574
372.1496 372.1496 372.1496 372.1496 372.1496 372.1496 372.1496 372.1496 372.1496 372.1496 372.1496 372.1496 372.1496 372.1496 372.1496 372.1496 372.1496 372.1496 372.1496 372.1496 372.1496 372.1496 372.1496 365.0101 296.327 295.0483 295.0483 295.0483 295.0483 295.0483 295.0483 295.0483 295.0483 295.0483 295.0483 295.0483 295.0483 295.0483 295.0483 295.0483 295.0483 305.314 456.5316 592.713 612.7575 612.7575 612.7576 612.7575 612.7576 612.7576 612.7575 612.7576 612.7575 612.7576 612.7575 612.7575 612.7576 612.7575 612.7576 612.7575 612.7576 612.7576 612.7575 612.7576 612.7575 612.7576
372.1496 372.1496 372.1496 372.1496 372.1496 372.1496 372.1496 372.1496 372.1496 372.1496 372.1496 372.1496 372.1496 372.1496 372.1496 372.1496 372.1496 372.1496 372.1496 372.1496 372.1496 372.1496 372.1496 364.5468 298.7048 295.0483 295.0483 295.0483 295.0483 295.0483 295.0483 295.0483 295.0483 295.0483 295.0483 295.0483 295.0483 295.0483 295.0483 295.0483 295.0483 295.0483 295.0483 327.3635 508.7926 610.0482 612.7576 612.7575 612.7576 612.7576 612.7575 612.7576 612.7575 612.7576 612.7575 612.7575 612.7576 612.7575 612.7576 612.7575 612.7576 612.7576 612.7575 612.7576 612.7575 612.7576
328.5906 372.1497 372.1496 372.1497 372.1497 372.1497 372.1497 372.1497 372.1496 372.1497 372.1496 372.1497 372.1496 372.1497 372.1496 372.1497 372.1497 372.1497 372.1497 372.1497 372.1496 372.1497 372.1496 359.7179 295.0483 295.0484 295.0483 295.0483 295.0483 295.0483 295.0484 295.0483 295.0483 295.0483 295.0483 295.0484 295.0483 295.0483 295.0483 295.0484 295.0483 295.0483 295.0483 295.0483 295.0483 337.9165 519.055 612.7576 612.7576 612.7574 612.7576 612.7576 612.7576 612.7576 612.7576 612.7575 612.7576 612.7576 612.7576 612.7576 612.7576 612.7574 612.7576 612.7576 612.7576 612.7576
372.1361 372.1496 372.1496 372.1496 372.1496 372.1496 372.1496 372.1496 372.1496 372.1496 372.1496 372.1496 372.1496 372.1496 372.1496 372.1496 372.1496 372.1496 372.1496 372.1496 372.1496 372.1496 372.1496 341.5685 295.0483 295.0483 295.0483 295.0483 295.0483 295.0483 295.0483 295.0483 295.0483 295.0483 295.0483 295.0483 295.0483 295.0483 295.0483 295.0483 295.0483 295.0483 295.0483 295.0483 295.0483 295.0483 299.6242 487.161 612.7576 612.7575 612.7576 612.7575 612.7575 612.7575 612.7575 612.7575 612.7575 612.7575 612.7576 612.7575 612.7576 612.7575 612.7575 612.7575 612.7576 612.7575
372.1496 372.1496 372.1496 372.1496 372.1496 372.1496 372.1496 372.1496 372.1496 372.1496 372.1496 372.1496 372.1496 372.1496 372.1496 372.1496 372.1496 372.1497 372.1496 372.1497 372.1496 372.1496 372.1496 320.1308 295.0483 295.0483 295.0483 295.0483 295.0483 295.0483 295.0483 295.0483 295.0483 295.0483 295.0483 295.0483 295.0483 295.0483 295.0483 295.0483 295.0483 295.0483 295.0483 295.0483 295.0483 295.0483 295.0483 295.5325 466.8268 611.6391 612.7575 612.7576 612.7575 612.7576 612.7575 612.7575 612.7575 612.7576 612.7575 679.0317 766.7432 612.7575 612.7575 612.7576 612.7575 612.7575
