population_density.asc
ncols         536
nrows         773
xllcorner     -3.262084961
yllcorner     4.7407226560001
cellsize      0.0083253775074627
NODATA_value  -9999
[rows 60 to 89 of 773, columns 264 to 329 of 536]
145.5307 145.5307 145.5307 145.5307 145.5307 145.5307 145.5307 145.5307 145.5307 145.5307 198.2079 294.6296 294.6296 294.6296 294.6296 294.6296 294.6296 294.6296 294.6296 294.6296 294.6296 294.6296 253.1005 94.27428 94.27428 94.27428 94.27428 94.27428 94.27428 94.27428 94.27428 94.27428 94.27428 94.27428 94.27428 94.27429 94.27428 94.27428 94.27428 94.27428 94.27428 94.27428 94.27428 94.27428 94.27428 94.27428 94.27428 94.27428 94.27428 94.27428 94.27428 94.27429 94.27428 94.27428 94.27428 94.27427 94.27428 94.27428 94.27428 94.27428 94.27428 94.27428 94.58398 95.08557 95.08598 95.08598
145.5307 145.5307 145.5307 145.5307 145.5307 145.5307 145.5307 145.5307 145.5307 145.5307 170.7999 270.5884 294.6296 294.6296 294.6296 294.6296 294.6296 294.6296 294.6296 294.6296 294.6296 294.6296 240.6197 94.27428 94.27428 94.27428 94.27428 94.27428 94.27428 94.27428 94.27428 94.27428 94.27428 94.27428 94.27428 94.27428 94.27428 94.27428 94.27428 94.27428 94.27428 94.27428 94.27428 94.27428 94.27428 94.27428 94.27428 94.27428 94.27428 94.27428 94.27428 94.27428 94.27428 94.27428 94.27428 94.27428 94.27428 94.27428 94.27428 94.27428 94.27428 94.27428 94.27428 94.90028 95.08598 95.08598
145.5307 145.5307 145.5307 145.5307 145.5307 145.5307 145.5307 145.5307 145.5307 145.5307 145.5307 188.7065 294.4715 294.6296 294.6296 294.6296 294.6296 294.6296 294.6296 294.6296 294.6296 294.6296 228.1389 94.27427 94.27428 94.27427 94.27427 94.27427 94.27428 94.27427 94.27428 94.27428 94.27427 94.27427 94.27428 94.27427 94.27428 94.27427 94.27427 94.27427 94.27428 94.27427 94.27428 94.27428 94.27427 94.27427 94.27428 94.27427 94.27428 94.27428 94.27428 94.27427 94.27428 94.27428 94.27428 94.27428 94.27428 94.27427 94.27428 94.27428 94.27428 94.27428 94.34068 95.08002 95.08598 95.08598
145.5307 145.5307 145.5307 145.5307 145.5307 145.5307 145.5307 145.5307 145.5307 145.5307 145.5307 145.5307 213.9222 294.6296 294.6296 294.6296 294.6296 294.6297 294.6296 294.6296 294.6296 294.6296 178.2707 94.2743 94.27428 94.27428 94.27427 94.27429 94.27428 94.2743 94.27428 94.27428 94.27427 94.27429 94.27428 94.2743 94.27428 94.27428 94.27427 94.27429 94.27428 94.2743 94.27428 94.27428 94.27427 94.27429 94.27428 94.27429 94.27429 94.27428 94.27428 94.27429 94.27428 94.27428 94.27429 94.27428 94.27428 94.27429 94.27428 94.27428 94.27429 94.27428 94.27428 94.5717 95.08599 95.08599
145.5307 145.5307 145.5307 145.5307 145.5307 145.5307 145.5307 145.5307 145.5307 145.5307 145.5307 145.5307 145.8981 229.1358 294.6296 294.6296 294.6296 294.6296 294.6296 294.6296 294.6296 294.6296 107.4692 94.27429 94.27428 94.27429 94.27428 94.27429 94.27428 94.27429 94.27428 94.27429 94.27428 94.27429 94.27428 94.27429 94.27428 94.27428 94.27428 94.27428 94.27429 94.27429 94.27428 94.27428 94.27428 94.27428 94.27429 94.27428 94.2743 94.27427 94.27428 94.27429 94.27428 94.27429 94.27429 94.27427 94.27428 94.27429 94.27428 94.27429 94.27429 94.27427 94.27429 94.57555 95.086 95.08599
145.5307 145.5307 145.5307 145.5307 145.5307 145.5307 145.5307 145.5307 145.5307 145.5307 145.5307 145.5307 145.5307 194.8915 294.6296 294.6296 294.6296 294.6296 294.6296 294.6296 294.6296 255.4486 94.55305 94.27427 94.27428 94.27428 94.27428 94.27427 94.27428 94.27427 94.27427 94.27427 94.27428 94.27427 94.27428 94.27428 94.27428 94.27428 94.27427 94.27428 94.27428 94.27428 94.27428 94.27428 94.27427 94.27428 94.27428 94.27428 94.27428 94.27428 94.27427 94.27427 94.27428 94.27427 94.27428 94.27428 94.27427 94.27427 94.27428 94.27427 94.27427 94.27428 94.27428 94.64729 95.01342 95.08598
145.5307 145.5307 145.5307 145.5307 145.5307 145.5307 145.5307 145.5307 145.5307 145.5307 145.5307 145.5307 145.5307 157.909 258.6447 294.6296 294.6296 294.6296 294.6296 294.6296 294.6296 163.5889 94.27428 94.27428 94.27428 94.27428 94.27428 94.27428 94.27429 94.27428 94.27428 94.27428 94.27428 94.27428 94.27428 94.27428 94.27428 94.27428 94.27428 94.27428 94.27428 94.27428 94.27428 94.27428 94.27428 94.27428 94.27428 94.27428 94.27428 94.27427 94.27428 94.27428 94.27429 94.27428 94.27428 94.27427 94.27428 94.27428 94.27428 94.27428 94.27428 94.27427 94.27428 94.27428 94.31767 95.06297
145.5307 145.5307 145.5307 145.5307 145.5307 145.5307 145.5307 145.5307 145.5307 145.5307 145.5307 145.5307 145.5307 145.5307 207.212 294.6296 294.6296 294.6296 294.6296 294.6296 246.529 97.2066 94.27428 94.27427 94.27428 94.27427 94.27427 94.27427 94.27428 94.27427 94.27428 94.27427 94.27427 94.27427 94.27428 94.27427 94.27428 94.27427 94.27427 94.27427 94.27428 94.27427 94.27428 94.27428 94.27427 94.27427 94.27428 94.27427 94.27428 94.27428 94.27428 94.27427 94.27428 94.27427 94.27428 94.27428 94.27428 94.27427 94.27428 94.27427 94.27428 94.27428 94.295 94.54282 94.96385 95.08598
145.5307 145.5307 145.5307 145.5307 145.5307 145.5307 145.5307 145.5307 145.5307 145.5307 145.5307 145.5307 145.5307 153.0576 268.4449 294.6296 294.6296 294.6296 294.6296 257.0433 107.6779 94.27429 94.2743 94.27429 94.27428 94.27429 94.27428 94.2743 94.27429 89.94169 72.22704 94.2743 94.27428 94.27429 94.27429 94.27429 94.27429 94.27429 94.27428 94.27429 94.2743 94.27429 94.27428 94.27429 94.27428 94.27429 94.27429 94.27429 94.27428 94.27428 94.27428 94.27429 94.27429 94.2743 94.27428 94.27427 94.27428 94.2743 94.27429 94.27429 94.27428 94.27427 94.86014 95.08599 95.08599 95.08598
145.5307 145.5307 145.5307 145.5307 145.5307 145.5307 145.5307 145.5307 145.5307 145.5307 145.5307 145.5307 145.5307 161.866 290.8922 294.6296 294.6296 294.6296 251.963 107.8487 94.27428 94.27428 94.27427 94.27428 94.27428 94.27428 94.27428 64.27184 58.32821 49.28733 47.15765 72.96005 94.27428 94.27428 94.27428 94.27428 94.27428 94.27428 94.27428 94.27428 94.27427 94.27428 94.27428 94.27428 94.27428 94.27428 94.27428 94.27428 94.27427 94.27428 94.27428 94.27428 94.27427 94.27429 94.27428 94.27428 94.27428 94.27428 94.27428 94.27428 94.27428 94.27428 94.4802 95.05807 95.08598 95.08598
145.5307 145.5307 145.5307 145.5307 145.5307 145.5307 145.5307 145.5307 145.5307 145.5307 145.5307 145.5307 145.5307 206.9874 294.5791 294.6296 294.6296 244.9115 104.9915 94.27428 94.27428 85.6087 67.22258 55.46528 63.36692 93.04919 94.05288 50.40196 47.12167 47.12167 47.12167 55.51223 94.27428 94.27428 94.27428 94.27428 94.27428 94.27428 94.27428 94.27428 94.27428 94.27428 94.27428 94.27428 94.27428 94.27428 94.27429 94.27428 94.27428 94.27428 94.27428 94.27428 94.27428 94.27428 94.27428 94.27428 94.27429 94.27427 94.27429 94.27428 94.27428 94.27427 94.27428 94.69511 95.08598 95.08598
145.5307 145.5307 145.5307 145.5307 145.5307 145.5307 145.5307 145.5307 145.5307 145.5307 145.5307 145.5307 145.5307 240.1929 294.6296 289.5159 190.9344 97.31697 94.22764 80.17997 63.89527 47.64332 47.12166 47.12166 47.12167 69.67573 90.25315 47.33931 47.12166 47.12166 47.12166 47.5213 66.92879 80.65275 91.50153 94.27428 94.27428 94.27428 94.27427 94.27428 94.27428 94.27427 94.27428 94.27427 94.27427 94.27427 94.27428 94.27427 94.27428 94.27428 94.27428 94.27427 94.27428 94.27427 94.27428 94.27428 94.27428 94.27427 94.27428 94.27427 94.27428 94.27428 94.27428 94.36 95.03208 95.08598
145.5307 145.5307 145.5307 145.5307 145.5307 145.5307 145.5307 145.5307 145.5307 145.5307 145.5307 145.5307 145.5307 222.7056 202.278 126.0735 94.27428 94.27429 90.64481 47.12167 47.12167 47.12166 47.12167 47.12166 47.12167 47.12167 51.7892 47.12167 47.12166 47.12167 47.12167 47.12167 47.12167 47.12166 47.61927 55.12007 86.25842 94.27428 94.27428 94.2743 94.27428 94.27429 94.27428 94.27428 94.27428 94.27428 94.27429 94.27428 94.27428 94.27427 94.27428 94.27429 94.27428 94.27429 94.27428 94.27428 94.27428 94.27429 94.27429 94.27428 93.12622 90.65285 93.21992 94.27429 94.51675 95.08598
145.5307 145.5307 145.5307 145.5307 145.5307 145.5307 145.5307 145.5307 145.5307 145.5307 145.5307 145.5307 145.5307 145.5307 105.3806 94.27428 94.27428 94.27428 94.01463 48.27452 47.12166 47.12166 47.12166 47.12166 47.12166 47.12166 47.12166 47.12166 47.12166 47.12166 47.12166 47.12166 47.12166 47.12166 47.12166 58.71765 93.76141 94.27428 94.27428 94.27428 94.27428 94.27428 94.27427 94.27428 94.27428 94.27428 94.27427 94.27428 94.27428 94.27428 94.27428 94.27428 94.27428 94.27428 94.27427 94.27428 94.27427 94.27428 94.27427 91.7262 85.04173 84.68188 85.34334 90.26641 94.16518 94.62181
145.5307 145.5307 145.5307 145.5307 145.5307 145.5307 145.5307 145.5307 145.5307 145.5307 145.5307 145.5307 145.5307 145.5307 125.0721 95.29024 94.27428 94.27428 94.27428 61.7997 47.12167 47.12167 47.12167 47.12167 47.12167 47.12167 47.12167 47.12167 50.64603 47.12167 55.22397 67.02865 69.06252 68.84412 74.64045 91.20808 94.27429 94.27428 94.27428 94.27428 94.27428 94.27429 94.27428 94.27428 94.27428 94.27428 94.27429 94.27428 94.27428 94.26858 91.92435 90.35561 92.5674 90.67755 92.30561 93.95482 94.27429 94.27429 93.65087 85.74654 84.6819 84.68188 84.6819 84.6819 86.02183 86.21492
145.5307 145.5307 145.5307 145.5307 145.5307 145.5307 145.5307 145.5307 145.5307 145.5307 145.5307 145.5307 145.5307 145.5307 145.5307 137.0365 95.54928 94.27427 94.27428 80.48051 47.12166 47.12166 47.12167 47.12166 47.12167 47.12167 47.12166 47.12166 66.8768 89.12122 94.12742 94.27428 94.27427 94.27427 94.27428 94.27428 94.27428 94.27428 94.27428 94.27428 94.27428 94.27427 94.27428 94.27428 94.27427 94.27427 94.27428 94.27428 94.27428 88.90928 84.68188 84.68189 84.6819 84.68188 84.68188 85.88241 90.53297 88.94718 86.74638 84.68188 84.68188 84.68188 84.68188 84.68189 84.68189 84.68189
145.5307 145.5307 145.5307 145.5307 145.5307 145.5307 133.7044 128.0307 145.5307 145.5307 145.5307 144.18 144.2113 145.5307 145.5307 142.9234 96.34041 94.27428 94.27428 93.74344 52.53951 47.12166 47.12166 47.12167 47.12166 47.12166 47.12166 47.12167 49.25875 89.18684 94.27428 94.27428 94.27428 94.27428 94.27428 94.27428 81.51212 57.70739 85.66502 94.27429 94.22672 81.63661 91.04265 94.21571 71.97632 72.15719 94.27428 94.27427 91.29839 84.75668 84.68188 84.68189 84.68189 84.68189 84.68188 84.68189 84.68189 84.68188 84.68189 84.68188 84.68188 84.68189 84.68189 84.68189 84.68188 84.68189
145.5307 145.5307 145.5307 145.5307 123.087 75.8332 48.67464 47.13793 53.89909 68.23608 80.55628 54.38807 88.74903 117.3067 102.1808 127.1372 94.27428 93.50928 92.16247 94.27428 70.68951 47.12167 47.12167 47.12167 47.12167 47.12167 47.12166 47.12167 47.12166 63.68568 94.27428 94.27428 94.27428 94.27429 94.27429 94.27428 66.91674 47.12167 50.28342 52.89487 48.55402 47.29103 90.55262 81.4364 47.12166 59.77933 94.10595 94.23492 86.61034 84.68188 84.68189 84.68189 84.6819 84.68189 84.68189 84.68189 84.6819 84.6819 84.6819 84.6819 84.68189 84.68188 84.68189 84.68189 84.6819 84.68189
145.5307 145.5307 144.7874 99.53737 47.12768 47.12166 47.12166 47.12166 47.12166 47.12166 47.12166 47.12166 47.12166 47.12166 47.12166 53.19545 60.78994 50.83171 56.62941 94.27427 88.84351 47.64845 47.12167 47.12166 47.12167 47.12166 47.12166 47.12166 47.12166 47.25798 83.06375 94.27428 94.27428 94.27427 94.27428 94.27428 91.78537 50.0082 47.12166 47.12166 47.12166 47.12166 57.42745 59.73544 47.12166 47.12166 54.51973 59.38842 84.62119 84.68189 84.68189 84.68188 84.68189 84.68188 84.68188 84.68189 84.68188 84.68188 84.68188 84.68188 84.68189 84.68188 84.68189 84.68188 84.68188 84.68188
145.5307 145.5307 114.1425 47.12166 47.12167 47.12166 47.12166 47.12166 47.12166 47.12167 47.12167 47.12166 47.12166 47.12166 47.12166 47.12166 47.12167 47.12167 69.35563 93.77295 68.58864 47.48901 47.12166 47.12166 47.12166 47.12166 47.12166 47.12167 47.12166 47.12167 59.45297 94.27428 94.27428 94.27428 94.27428 94.19737 62.82523 47.12166 47.12166 47.12166 47.12166 47.12166 47.12166 47.12166 47.12166 47.12166 47.12166 47.66196 84.51445 84.68189 84.68188 84.68188 84.68188 84.6819 84.68188 84.68188 84.68188 84.68189 84.68188 84.68189 84.68188 84.68188 84.68188 84.68188 84.68189 84.68189
145.5307 125.0829 47.23454 47.12166 47.12166 47.12166 47.12166 47.12166 47.12166 47.12166 47.12167 47.12166 47.12166 47.12166 47.12166 47.12166 47.12167 51.2059 91.10442 71.63015 47.12166 47.12166 47.12166 47.12166 47.12166 47.12166 47.12166 47.12166 47.12166 47.12167 47.35344 87.62347 94.27428 94.27428 94.21042 69.53313 47.12166 47.12166 47.12166 47.12166 47.12166 47.12166 47.12166 47.12166 47.12166 47.12166 47.12166 47.12167 80.38825 84.68189 84.68188 84.68188 84.68188 84.68189 84.68188 84.68188 84.68188 84.68188 84.68188 84.68188 84.68188 84.68188 84.68188 84.68188 84.68188 84.68188
102.314 71.5956 47.12166 47.12166 47.12167 47.12166 47.12167 47.12166 47.12166 47.12166 47.12167 47.12167 47.12167 47.12166 47.12166 47.12166 55.8726 89.10849 71.65064 47.12166 47.12166 47.12166 47.12167 47.12166 47.12167 47.12166 47.12167 47.12166 47.12167 47.12166 47.12167 69.12387 94.27428 94.27428 68.93421 47.12166 47.12167 47.12166 47.12166 47.12166 47.12167 47.12166 47.12167 47.12166 47.12166 47.12166 47.12167 47.12167 76.56934 84.68188 84.68188 84.68189 84.68188 84.68189 84.68189 84.68188 84.68189 84.68188 84.68189 84.68189 84.68188 84.68188 84.68189 84.68189 84.68189 84.68188
47.12167 47.12166 47.12166 47.12166 47.12167 47.12166 47.12167 47.12166 47.12166 47.12166 47.12167 47.12166 47.12167 47.12166 47.12166 54.79894 90.30975 90.73561 48.90002 47.12166 47.12166 47.12166 47.12167 47.12166 47.12167 47.12166 47.12166 47.12166 47.12167 47.12166 47.12167 51.48063 93.44581 84.15303 47.14402 47.12166 47.12167 47.12166 47.12166 47.12166 47.12167 47.12166 47.12167 47.12166 47.12166 47.12166 47.12167 47.5563 80.42856 84.68188 84.68189 84.68188 84.68189 84.68188 84.68189 84.68188 84.68189 84.68188 84.68189 84.68188 84.68188 84.68189 84.6819 84.68188 84.68189 84.68188
47.12167 47.12167 47.12167 47.12167 47.12166 47.12167 47.12167 47.12167 47.12166 47.12167 47.12167 47.12166 47.12167 47.12167 47.12166 51.67974 72.86356 54.95522 47.12167 47.12167 47.12166 47.12167 47.12166 47.12167 47.12167 47.12167 47.12167 47.12167 47.12166 47.12167 47.12167 47.12167 73.66862 65.63725 47.12167 47.12167 47.12167 47.12167 47.12166 47.12167 47.12167 47.12167 47.12167 47.12167 47.12166 47.12167 47.12166 54.82793 84.68189 84.68188 84.68189 84.68191 84.68189 84.6819 84.68189 84.68188 84.68191 84.68188 84.68189 84.6819 84.68189 84.68188 84.68191 84.68188 84.68189 84.68189
47.12166 47.12166 47.12166 47.12167 47.12166 47.12166 47.12166 47.12166 47.12166 47.12167 47.12166 47.12166 47.12166 47.12166 47.12166 47.12167 47.12166 47.12167 47.12166 47.12166 47.12166 47.12167 47.12166 47.12166 47.12167 47.12166 47.12166 47.12167 47.12166 47.12166 47.12167 47.12166 47.12166 47.12167 47.12166 47.12166 47.12166 47.12167 47.12166 47.12167 47.12166 47.12166 47.12166 47.12167 47.12166 47.12167 47.12166 47.37531 66.99845 84.50314 84.68189 84.68189 84.68188 84.68188 84.68189 84.68189 84.68189 84.68188 84.68188 84.68189 84.68189 84.68189 84.68189 84.68189 84.68188 84.68189
47.12166 47.12166 47.12166 47.12166 47.12166 47.12166 47.12166 47.12166 47.12166 47.12166 47.12166 47.12166 47.12166 47.12167 47.12166 47.12166 47.12166 47.12166 47.12166 47.12166 47.12166 47.12166 47.12166 47.12166 47.12166 47.12166 47.12166 47.12166 47.12166 47.12166 47.12166 47.12166 47.12166 47.12166 47.12166 47.12166 47.12166 47.12166 47.12166 47.12166 47.12166 47.12166 47.12166 47.12166 47.12166 47.12166 47.12166 47.12166 47.12166 48.90788 83.90674 84.68188 84.68188 84.68188 84.68188 84.68189 84.68188 84.68188 84.68189 84.68188 84.68188 84.68189 84.68188 84.68188 84.68188 84.68188
47.12167 47.12166 47.12167 47.12167 47.12166 47.12166 47.12166 47.12166 47.12166 47.12166 47.12166 47.12167 47.12166 47.12167 47.12166 47.12166 47.12166 47.12167 47.12166 47.12166 47.12166 47.12166 47.12166 47.12166 47.12167 47.12166 47.12166 47.12166 47.12166 47.12167 47.12166 47.12166 47.12166 47.12166 47.12166 47.12167 47.12167 47.12167 47.12166 47.12166 47.12166 47.12166 47.12166 47.12166 47.12166 47.12166 47.12167 47.12167 47.12166 51.01692 84.55155 84.68189 84.68188 84.68188 84.6819 84.68188 84.68188 84.68188 84.6819 84.68188 84.68188 84.68188 84.68188 84.68189 84.68189 84.68188
47.12167 47.12166 47.12166 47.12166 47.12167 47.12166 47.12167 47.12166 47.12166 47.12166 47.12167 47.12166 47.12167 47.12166 47.12166 47.12166 47.12167 47.12167 47.12167 47.12166 47.12166 47.12166 47.12167 47.12166 47.12166 47.12166 47.12166 47.12166 47.12167 47.12166 47.12167 47.12166 47.12166 47.12166 47.12167 47.12166 47.12167 47.12166 47.12166 47.12166 47.12167 47.12166 47.12167 47.12166 47.12166 47.12166 47.12167 47.12166 47.12167 59.94912 84.68188 84.68189 84.68188 84.68189 84.6819 84.68188 84.68188 84.68189 84.68188 84.68189 84.68188 84.68188 84.68188 84.6819 84.68188 84.68189
47.12166 47.12167 47.12166 47.12166 47.12167 47.12167 47.12166 47.12167 47.12167 47.12166 47.12167 47.12167 47.12166 47.12166 47.12167 47.12166 47.12167 47.12167 47.12166 47.12167 47.12166 47.12167 47.12167 47.12166 47.12167 47.12167 47.12166 47.12167 47.12167 47.12166 47.12167 47.12167 47.12166 47.12167 47.12167 47.12166 47.12167 47.12167 47.12166 47.12167 47.12167 47.12166 47.12166 47.12166 47.12167 47.12166 47.12166 47.12167 47.12166 75.7429 84.68188 84.68189 84.68188 84.68189 84.68188 84.68188 84.68188 84.68189 84.68188 84.68189 84.68188 84.68188 84.68188 84.68189 84.68188 84.68189
47.12167 47.12167 47.12166 47.12166 47.12166 47.12167 47.12167 47.12167 47.12167 47.12167 47.12167 47.12167 47.12166 47.12167 47.12167 47.12166 47.12167 47.12167 47.12166 47.12167 47.12167 47.12167 47.12167 47.12167 47.12167 47.12167 47.12166 47.12167 47.12167 47.12166 47.12167 47.12167 47.12166 47.12167 47.12167 47.12166 47.12166 47.12167 47.12166 47.12167 47.12166 47.12167 47.12166 47.12166 47.12166 47.12167 47.12166 47.12167 47.51797 83.72617 84.68189 84.6819 84.68188 84.68189 84.68189 84.68188 84.68189 84.68189 84.68189 84.68189 84.68189 84.68188 84.68189 84.68188 84.68188 84.68189
