population_density.asc
ncols         536
nrows         773
xllcorner     -3.262084961
yllcorner     4.7407226560001
cellsize      0.0083253775074627
NODATA_value  -9999
[rows 540 to 569 of 773, columns 132 to 197 of 536]
73.28768 73.28767 73.28767 73.28767 73.28767 73.28767 73.28768 73.28767 73.28768 73.28767 73.28767 73.28767 73.28768 73.28767 73.28767 73.28767 73.28767 73.28767 73.28767 73.28768 73.28767 73.28767 73.28767 78.86186 198.3948 202.7483 202.7483 202.7483 202.7483 202.7483 202.7483 202.7483 202.7483 202.7483 202.7483 202.7483 202.7483 202.7483 202.7483 202.7483 202.7483 202.7483 202.7483 202.7483 202.7483 202.7483 202.7483 202.7483 202.7483 202.7483 202.7483 202.7483 202.7483 202.7483 202.7483 11973.06 13613.95 13613.95 13613.95 13613.95 13613.95 13613.95 13613.95 13613.95 13613.95 13613.95
73.28768 73.28768 73.28768 73.28768 73.28767 73.28768 73.28768 73.28767 73.28769 73.28768 73.28767 73.28768 73.28768 73.28768 73.28768 73.28768 73.28767 73.28768 73.28767 73.28769 73.28768 73.28768 73.28767 105.8578 202.7483 202.7483 202.7483 202.7483 202.7483 202.7483 202.7483 202.7483 202.7483 202.7483 202.7483 202.7483 202.7483 202.7483 202.7483 202.7483 202.7483 202.7483 202.7483 202.7483 202.7483 202.7483 202.7483 202.7483 202.7483 202.7483 202.7483 202.7483 202.7483 202.7483 202.7483 6386.44 13613.95 13613.95 13613.95 13613.95 13387 13613.95 13613.95 13613.95 13613.95 13613.95
73.28767 73.28767 73.28767 73.28767 73.28767 73.28767 73.28767 73.28767 73.28767 73.28767 73.28767 73.28767 73.28767 73.28767 73.28767 73.28767 73.28767 73.28767 73.28767 73.28767 73.28767 73.28767 73.28767 112.8529 202.7483 202.7483 202.7483 202.7483 202.7483 202.7483 202.7483 202.7483 202.7483 202.7483 202.7483 202.7483 202.7483 202.7483 202.7483 202.7483 202.7483 202.7483 202.7483 202.7483 202.7483 202.7483 202.7483 202.7483 202.7483 202.7483 215.7019 306.2658 294.2346 253.9039 330.7361 947.9108 9722.984 13613.95 12747.79 4686.331 5585.438 13613.95 13613.95 13613.95 13613.95 13613.95
73.28767 73.28767 73.28767 73.28768 73.28767 73.28767 73.28767 73.28767 73.28767 73.28768 73.28767 73.28767 73.28767 73.28767 73.28767 73.28767 73.28767 73.28767 73.28767 73.28767 73.28767 73.28767 73.28767 80.74338 200.233 202.7483 202.7483 202.7483 202.7483 202.7483 202.7483 202.7483 202.7483 202.7483 202.7483 202.7483 202.7483 202.7483 202.7483 202.7483 202.7483 202.7483 202.7483 202.7483 202.7483 202.7483 202.7483 202.7483 202.7483 202.7483 329.1634 390.0917 390.0917 390.0917 390.0917 390.0917 2058.569 9448.957 2676.932 390.0917 3175.799 13613.95 13613.95 13613.95 13613.95 13613.95
73.28767 73.28767 73.28767 73.28767 73.28767 73.28767 73.28767 73.28768 73.28767 73.28769 73.28767 73.28768 73.28767 73.28767 73.28767 73.28767 73.28767 73.28767 73.28767 73.28768 73.28767 73.28767 73.28767 73.28768 148.5566 202.6389 202.7483 202.7483 202.7483 202.7483 202.7483 202.7483 202.7483 202.7483 202.7483 202.7483 202.7483 202.7483 202.7483 202.7483 202.7483 202.7483 202.7483 202.7483 202.7483 202.7483 202.7483 202.7483 202.7483 217.6031 359.8539 390.0917 390.0917 390.0917 390.0917 390.0917 390.0917 390.0917 390.0917 390.0917 781.4001 11935.81 13613.95 13613.95 13613.95 13613.95
73.28767 73.28767 73.28768 73.28767 73.28767 73.28767 73.28767 73.28768 73.28767 73.28767 73.28767 73.28767 73.28768 73.28767 73.28767 73.28767 73.28767 73.28767 73.28767 73.28767 73.28767 73.28767 73.28767 73.28767 73.28767 123.9512 202.7483 202.7483 202.7483 202.7483 202.7483 202.7483 202.7483 202.7483 202.7483 202.7483 202.7483 202.7483 202.7483 202.7483 202.7483 202.7483 202.7483 202.7483 202.7483 286.9128 204.5373 225.4047 270.6353 366.1975 390.0917 390.0917 390.0917 390.0917 390.0917 390.0917 390.0917 390.0917 390.0917 390.0917 390.0917 4688.342 13571.12 13613.95 13613.95 13613.95
73.28768 73.28769 73.28769 73.28768 73.28767 73.28769 73.28768 73.28769 73.28768 73.28769 73.28767 73.28768 73.2877 73.28768 73.28769 73.28768 73.28768 73.28768 73.28769 73.28768 73.28768 73.28768 73.28767 73.28769 73.28768 79.65756 200.6592 202.7483 202.7483 202.7483 202.7483 202.7483 202.7483 202.7483 202.7483 202.7483 202.7483 202.7483 202.7483 202.7483 202.7483 202.7483 301.941 354.4818 301.9118 381.9386 300.1928 389.4629 390.0917 390.0918 390.0918 390.0917 390.0918 390.0918 390.0918 390.0917 390.0918 390.0917 390.0917 390.0917 390.0918 390.0917 5626.288 13499.18 13613.95 13613.95
73.28767 73.28767 73.28767 73.28767 73.28767 73.28767 73.28767 73.28767 73.28767 73.28767 73.28767 73.28767 73.28767 73.28767 73.28767 73.28767 73.28767 73.28767 73.28767 73.28767 73.28767 73.28767 73.28767 73.28767 73.28767 73.28767 175.5191 202.7483 202.7483 202.7483 202.7483 202.7483 202.7483 202.7483 202.7483 202.7483 202.7483 202.7483 202.7483 202.7483 202.7483 202.7483 293.3421 390.0917 390.0917 390.0917 390.0917 390.0917 390.0917 390.0917 390.0917 390.0917 390.0917 390.0917 390.0917 390.0917 390.0917 390.0917 390.0917 390.0917 390.0917 390.0917 390.0917 5604.916 13579.43 13613.95
73.28767 73.28767 73.28768 73.28767 73.28767 73.28767 73.28767 73.28767 73.28768 73.28767 73.28767 73.28767 73.28768 73.28767 73.28767 73.28767 73.28767 73.28767 73.28768 73.28767 73.28767 73.28767 73.28767 73.28767 73.28768 73.28767 146.7201 202.7483 202.7483 202.7483 202.7483 202.7483 202.7483 202.7483 202.7483 202.7483 202.7483 202.7483 202.7483 202.7483 202.7483 212.4351 357.5707 390.0917 390.0917 390.0917 390.0917 390.0917 390.0917 390.0917 390.0917 390.0917 390.0918 390.0917 390.0917 390.0917 390.0917 390.0917 390.0917 390.0917 390.0918 390.0917 390.0917 390.0917 2363.042 5806.317
73.28767 73.28768 73.28767 73.28767 73.28767 73.28767 73.28767 73.28767 73.28768 73.28767 73.28767 73.28767 73.28768 73.28767 73.28767 73.28767 73.28767 73.28767 73.28767 73.28768 73.28767 73.28767 73.28767 73.28767 73.28767 73.28767 130.5042 202.7483 202.7483 202.7483 202.7483 202.7483 202.7483 202.7483 202.7483 202.7483 202.7483 202.7483 202.7483 202.7483 202.7483 233.1178 390.0917 390.0917 390.0917 390.0917 390.0917 390.0917 390.0917 390.0917 390.0917 390.0917 390.0917 390.0917 390.0917 390.0917 390.0917 390.0917 390.0917 390.0917 390.0917 390.0917 390.0917 390.0917 390.0917 390.0917
73.28768 73.28767 73.28768 73.28767 73.28767 73.28767 73.28768 73.28767 73.28768 73.28767 73.28767 73.28767 73.28767 73.28767 73.28767 73.28767 73.28767 73.28767 73.28767 73.28768 73.28767 73.28767 73.28767 73.28767 73.28767 73.28768 115.8724 202.7483 202.7483 202.7483 202.7483 202.7483 202.7483 202.7483 202.7483 202.7483 202.7483 202.7483 202.7483 202.7483 202.7483 203.2072 377.6832 390.0917 390.0917 390.0917 390.0917 390.0917 390.0917 390.0917 390.0917 390.0917 390.0917 390.0917 390.0917 390.0917 390.0918 390.0917 390.0917 390.0917 390.0917 390.0917 390.0917 390.0917 390.0917 390.0917
73.28767 73.28767 73.28768 73.28767 73.28767 73.28768 73.28768 73.28767 73.28769 73.28767 73.28767 73.28768 73.28767 73.28767 73.28767 73.28768 73.28767 73.28768 73.28767 73.28768 73.28767 73.28767 73.28767 73.28768 73.28767 73.28768 109.3971 202.7483 202.7483 202.7483 202.7483 202.7483 202.7483 202.7483 202.7483 202.7483 202.7483 202.7483 202.7483 202.7483 202.7483 202.7483 322.3613 390.0917 390.0917 390.0917 390.0917 390.0917 390.0917 390.0917 390.0917 390.0917 390.0917 390.0917 390.0917 390.0917 390.0917 390.0917 390.0917 390.0917 390.0918 390.0917 390.0917 390.0917 390.0917 390.0917
73.28767 73.28769 73.28767 73.28768 73.28767 73.28769 73.28768 73.28767 73.28768 73.28768 73.28767 73.28769 73.28767 73.28768 73.28768 73.28769 73.28767 73.28768 73.28768 73.28768 73.28768 73.28768 73.28767 73.28768 73.28768 73.28769 122.3139 202.7483 193.6979 187.4909 150.0699 152.7391 162.7268 154.719 202.7483 202.7483 202.7483 202.7483 202.7483 202.7483 202.7483 202.7483 209.1263 366.5202 390.0918 390.0917 390.0917 390.0918 390.0917 390.0918 390.0917 390.0917 390.0917 390.0918 390.0918 390.0917 390.0917 390.0917 390.0917 390.0918 390.0918 390.0917 390.0917 390.0917 390.0917 390.0917
73.28767 73.28767 73.28767 73.28767 73.28767 73.28767 73.28767 73.28767 73.28767 73.28767 73.28767 73.28767 73.28767 73.28767 73.28767 73.28767 73.28767 73.28767 73.28767 73.28767 73.28767 73.28767 73.28767 73.28767 73.28767 73.28767 132.92 170.4026 128.2424 126.9626 126.9626 126.9626 126.9626 153.0678 202.7483 202.7483 202.7483 202.7483 202.7483 202.7483 202.7483 202.7483 202.7483 302.5016 390.0917 390.0917 390.0917 390.0917 390.0917 390.0917 390.0917 390.0917 390.0917 390.0917 390.0917 390.0917 390.0917 390.0917 390.0917 378.8197 390.0917 390.0917 390.0917 390.0917 390.0917 390.0917
73.28767 73.28768 73.28767 73.28767 73.28767 73.28767 73.28767 73.28767 73.28767 73.28767 73.28767 73.28767 73.28767 73.28767 73.28767 73.28767 73.28767 73.28767 73.28767 73.28767 73.28767 73.28767 73.28767 73.28767 94.77641 105.4136 123.6948 126.9626 126.9626 126.9626 126.9626 126.9626 126.9626 127.0131 134.1249 142.1641 151.3332 160.0129 169.7813 161.715 161.9021 153.8677 187.8994 300.5144 390.0917 390.0917 390.0917 390.0917 390.0917 390.0917 390.0917 390.0917 390.0917 390.0917 382.9166 389.9735 390.0917 390.0917 389.2663 165.5456 372.2342 390.0917 390.0917 390.0917 390.0917 381.0673
73.28769 73.28769 73.28768 73.28768 73.28768 73.28768 73.28768 73.28769 73.28768 73.28768 73.28768 73.28767 73.28768 73.28769 73.28768 73.28768 73.28768 73.28768 73.28768 73.28769 73.28768 73.28769 73.28767 83.87847 125.9575 126.9626 126.9626 126.9626 126.9626 126.9626 126.9626 126.9626 126.9626 126.9626 126.9626 126.9626 126.9626 126.9626 126.9626 126.9626 126.9626 163.6651 376.1574 390.0917 390.0918 390.0917 390.0918 390.0918 390.0918 390.0917 390.0918 390.0917 390.0918 390.0917 223.9183 212.534 233.1639 315.4398 299.3559 127.045 219.4359 385.6373 390.0918 390.0917 390.0918 341.9827
73.28767 73.28767 73.28768 73.28767 73.28767 73.28768 73.28767 73.28768 73.28767 73.28767 73.28767 73.28767 73.28768 73.28768 73.28767 73.28767 73.28767 73.28767 73.28767 73.28767 73.28768 73.28768 77.56226 119.3881 126.9626 126.9626 126.9626 126.9626 126.9626 126.9626 126.9626 126.9626 126.9626 126.9626 126.9626 126.9626 126.9626 126.9626 126.9626 126.9626 127.3121 335.8987 390.0917 390.0917 390.0917 390.0917 390.0917 390.0917 390.0918 390.0917 390.0917 390.0917 390.0918 359.6675 161.1644 126.9626 126.9626 126.9647 127.734 128.5239 146.8733 216.7412 389.8934 390.0917 371.0376 277.6101
73.28767 73.28767 73.28767 73.28767 73.28767 73.28767 73.28767 73.28767 73.28767 73.28767 73.28767 73.28767 73.28767 73.28767 73.28767 73.28767 73.28767 73.28767 73.28767 73.28767 73.28767 74.70316 113.9688 126.9626 126.9626 126.9626 126.9626 126.9626 126.9626 126.9626 126.9626 126.9626 126.9626 126.9626 126.9626 126.9626 126.9626 126.9626 126.9626 126.9626 166.304 389.923 390.0917 390.0917 390.0917 390.0917 390.0917 390.0917 390.0917 390.0917 390.0917 390.0917 385.5655 202.0952 126.9626 126.9626 126.9626 126.9626 138.93 329.8718 368.715 349.1257 340.2803 312.7313 270.9418 267.6142
73.28768 73.28767 73.28767 73.28768 73.28767 73.28767 73.28768 73.28767 73.28767 73.28768 73.28767 73.28767 73.28768 73.28767 73.28768 73.28767 73.28767 73.28767 73.28768 73.28767 73.28767 102.3659 126.9626 126.9626 126.9626 126.9626 126.9626 126.9626 126.9626 126.9626 126.9626 126.9626 126.9626 126.9626 126.9626 126.9626 126.9626 126.9626 126.9626 126.9626 126.9626 220.1883 278.2418 260.3732 388.3634 390.0917 390.0917 390.0917 390.0917 390.0917 390.0917 345.7857 225.5629 126.9626 126.9626 126.9626 126.9626 126.9626 199.0119 371.0605 371.0605 371.0605 366.6018 325.9563 318.8014 323.622
73.28768 73.28767 73.28768 73.28767 73.28767 73.28768 73.28767 73.28768 73.28767 73.28767 73.28767 73.28768 73.28767 73.28767 73.28768 73.28767 73.28767 73.28767 73.28768 73.28767 73.28767 88.98329 84.67476 117.4228 126.9626 126.9626 126.9626 126.9626 126.9626 126.9626 126.9626 126.9626 126.9626 126.9626 126.9626 126.9626 126.9626 126.9626 126.9626 126.9626 126.9626 126.9626 126.9626 126.9626 251.3396 390.0917 390.0917 390.0917 390.0917 360.0007 270.2601 137.4229 126.9626 126.9626 126.9626 126.9626 126.9626 124.2897 250.3603 366.6481 371.0605 371.0605 371.0605 371.0605 371.0605 371.0605
73.28768 73.28767 73.28768 73.28767 73.28767 73.28768 73.28767 73.28768 73.28767 73.28768 73.28767 73.28768 73.28767 73.28768 73.28767 73.28767 73.28767 73.28767 73.28768 73.28768 85.97695 98.9903 74.67493 105.814 126.9626 126.9626 126.9626 126.9626 126.9626 126.9626 126.9626 126.9626 126.9626 126.9626 126.9626 126.9626 126.9626 126.9626 126.9626 126.9626 126.9626 126.9626 126.9626 126.9626 180.6184 388.1416 380.3178 347.5592 297.2751 175.5303 126.9626 126.9626 126.9626 126.9626 126.9626 126.9626 122.3233 100.2932 99.04428 118.6074 205.7316 331.3878 371.0605 371.0605 371.0605 371.0605
73.28767 73.28767 73.28767 73.28767 73.28767 73.28767 73.28767 73.28767 73.28767 73.28767 73.28767 73.28767 73.28767 73.28767 73.28767 73.28767 73.28767 73.28767 73.28767 74.45517 121.8312 126.9626 120.3294 126.4745 126.9626 126.9626 126.9626 126.9626 126.9626 126.9626 126.9626 126.9626 126.9626 126.9626 126.9626 126.9626 126.9626 126.9626 126.9626 126.9626 126.9626 126.9626 126.9626 126.9626 154.251 202.7794 129.2825 126.9626 126.9626 126.9626 126.9626 126.9626 126.9626 126.9626 126.9626 126.9626 125.6102 109.0169 99.04427 99.04427 99.04427 102.7912 201.2198 370.8322 371.0605 371.0605
73.28769 73.28768 73.28769 73.28768 73.28767 73.28769 73.28768 73.28769 73.28768 73.28768 73.28768 73.28768 73.28769 73.28768 73.28768 73.28768 73.28768 73.28769 73.28768 92.50392 126.9626 126.9626 126.9626 126.9626 126.9626 126.9626 126.9626 126.9626 126.9626 126.9626 126.9626 126.9626 126.9626 126.9626 126.9626 126.9626 126.9626 126.9626 126.9626 126.9626 126.9626 126.9626 126.9626 126.9626 126.9626 126.9626 126.9626 126.9626 126.9626 126.9626 126.9626 126.9626 126.9626 126.9626 124.5633 113.3994 107.767 100.8393 99.04429 99.04427 99.04427 99.04427 99.04429 339.6478 371.0605 371.0605
73.28768 73.28768 73.28767 73.28768 73.28767 73.28768 73.28768 73.28768 73.28768 73.28768 73.28768 73.28767 73.28768 73.28768 73.28768 73.28768 73.28767 73.28768 74.68497 120.0917 126.9626 126.9626 126.9626 126.9626 126.9626 126.9626 126.9626 126.9626 126.9626 126.9626 126.9626 126.9626 126.9626 126.9626 126.9626 126.9626 126.9626 126.9626 126.9626 126.9626 126.9626 126.9626 126.9626 126.9626 126.9626 126.9626 126.9626 126.9626 126.9626 126.9626 126.9626 123.1569 112.5067 114.1678 109.5843 99.04428 99.04428 99.04427 99.0443 99.04428 99.04428 99.04427 99.04429 286.659 371.0605 371.0605
73.28767 73.28767 73.28767 73.28767 73.28767 73.28767 73.28767 73.28767 73.28767 73.28767 73.28767 73.28767 73.28767 73.28767 73.28767 73.28767 73.28767 73.28767 86.0713 126.9626 126.9626 126.9626 126.9626 126.9626 126.9626 126.9626 126.9626 126.9626 126.9626 126.9626 126.9626 126.9626 126.9626 126.9626 126.9626 126.9626 126.9626 126.9626 126.9626 126.9626 126.9626 126.9626 126.9626 126.9626 126.9626 126.9626 126.9626 126.9626 126.9626 126.9626 125.3344 102.9674 99.04427 99.04427 99.04427 99.04427 99.04427 99.04427 99.04427 99.04427 99.04427 99.04427 99.04427 252.0046 371.0605 371.0605
73.28768 73.28767 73.28768 73.28767 73.28767 73.28768 73.28768 73.28767 73.28768 73.28767 73.28767 73.28768 73.28768 73.28767 73.28768 73.28767 73.28767 73.28768 92.33431 126.9626 126.9626 126.9626 126.9626 126.9626 126.9626 126.9626 126.9626 126.9626 126.9626 126.9626 126.9626 126.9626 126.9626 126.9626 126.9626 126.9626 126.9626 126.9626 126.9626 126.9626 126.9626 126.9626 126.9626 126.9626 126.9626 126.9626 126.9626 126.9626 126.9626 126.9626 106.8079 99.04427 99.04427 99.04427 99.04427 99.04427 99.04427 99.04427 99.04427 99.04427 99.04427 99.04427 99.04427 244.6095 371.0605 371.0605
73.28767 73.28767 73.28767 73.28767 73.28767 73.28768 73.28767 73.28767 73.28767 73.28767 73.28767 73.28768 73.28767 73.28767 73.28767 73.28767 73.28767 73.28768 104.7507 126.9626 126.9626 126.9626 126.9626 126.9626 126.9626 126.9626 126.9626 126.9626 126.9626 126.9626 126.9626 126.9626 126.9626 126.9626 126.9626 126.9626 126.9626 126.9626 126.9626 126.9626 126.9626 126.9626 126.9626 126.9626 126.9626 126.9626 126.9626 126.9626 126.9626 126.9626 106.3568 99.04427 99.04427 99.04428 99.04427 99.04427 99.04427 99.04427 99.04427 99.04428 99.04427 99.04427 99.04427 237.4704 371.0605 371.0605
73.28767 73.28768 73.28767 73.28767 73.28767 73.28769 73.28767 73.28767 73.28767 73.28767 73.28767 73.28767 73.28767 73.28769 73.28767 73.28767 73.28767 73.95715 119.9849 126.9626 126.9626 126.9626 126.9626 126.9626 126.9626 126.9626 126.9626 126.9626 126.9626 126.9626 126.9626 126.9626 126.9626 126.9626 126.9626 126.9626 126.9626 126.9626 126.9626 126.9626 126.9626 126.9626 126.9626 126.9626 126.9626 126.9626 126.9626 126.9626 126.9626 126.9626 107.235 99.04427 99.04427 99.04427 99.04428 99.04427 99.04427 99.04427 99.04427 99.04428 99.04427 99.04427 99.04427 204.7432 371.0605 371.0605
73.28767 73.28768 73.28767 73.28767 73.28767 73.28768 73.28768 73.28767 73.28768 73.28767 73.28767 73.28767 73.28767 73.28769 73.28767 73.28767 73.28767 93.24982 126.9626 126.9626 126.9626 126.9626 126.9626 126.9626 126.9626 126.9626 126.9626 126.9626 126.9626 126.9626 126.9626 126.9626 126.9626 126.9626 126.9626 126.9626 126.9626 126.9626 126.9626 126.9626 126.9626 126.9626 126.9626 126.9626 126.9626 126.9626 126.9626 126.9626 126.9626 126.4419 104.0838 99.04427 99.04427 99.04427 99.04427 99.04427 99.04427 99.04427 99.04427 99.04427 99.04427 99.04427 99.04428 107.695 344.2039 371.0605
73.28767 73.28768 73.28767 73.28767 73.28767 73.28767 73.28768 73.28767 73.28767 73.28767 73.28767 73.28767 73.28767 73.28768 73.28767 73.28767 73.34396 118.2509 126.9626 126.9626 126.9626 126.9626 126.9626 126.9626 126.9626 126.9626 126.9626 126.9626 126.9626 126.9626 126.9626 126.9626 126.9626 126.9626 126.9626 126.9626 126.9626 126.9626 126.9626 126.9626 126.9626 126.9626 126.9626 126.9626 126.9626 126.9626 126.9626 126.9626 126.9626 111.4784 99.04427 99.04427 99.04427 99.04427 99.04427 99.04427 99.04427 99.04427 99.04427 99.04427 99.04427 99.04427 99.04427 99.04427 219.9437 371.0605
